0.005 2.79433e-14 	0 	0 	
0.015 4.70253e-14 	0 	0 	
0.025 7.93552e-14 	0 	0 	
0.035 9.99287e-14 	0 	0 	
0.045 8.52334e-14 	0 	0 	
0.055 7.05381e-14 	0 	0 	
0.065 1.08746e-13 	0 	0 	
0.075 3.73264e-13 	0 	0 	
0.085 1.69291e-12 	0 	0 	
0.095 7.75919e-12 	0 	0 	
0.105 3.43256e-11 	0 	0 	
0.115 1.46913e-10 	0 	0 	
0.125 6.09575e-10 	0 	0 	
0.135 2.45182e-09 	0 	0 	
0.145 9.55752e-09 	-4.89456e-30 	0 	
0.155 3.60911e-08 	0 	0 	
0.165 1.31953e-07 	0 	0 	
0.175 4.66815e-07 	0 	0 	
0.185 1.59701e-06 	0 	0 	
0.195 5.27971e-06 	0 	0 	
0.205 1.68553e-05 	0 	0 	
0.215 5.19215e-05 	0 	0 	
0.225 0.000154196 	0 	0 	
0.235 0.000441084 	1.14207e-29 	0 	
0.245 0.00121413 	0 	0 	
0.255 0.00321257 	0 	0 	
0.265 0.0081619 	0 	0 	
0.275 0.0198869 	0 	0 	
0.285 0.0464123 	0 	0 	
0.295 0.103618 	0 	0 	
0.305 0.221016 	0 	0 	
0.315 0.449878 	0 	0 	
0.325 0.873047 	0 	0 	
0.335 1.61433 	0 	0 	
0.345 2.84391 	0 	0 	
0.355 4.77562 	0 	0 	
0.365 7.65338 	0 	0 	
0.375 11.7271 	0 	0 	
0.385 17.2223 	0 	0 	
0.395 24.3093 	0 	0 	
0.405 33.077 	0 	0 	
0.415 43.5101 	0 	0 	
0.425 55.4677 	0 	0 	
0.435 68.6503 	0 	0 	
0.445 82.5459 	0 	0 	
0.455 96.3569 	0 	0 	
0.465 108.959 	0 	0 	
0.475 119.056 	0 	0 	
0.485 125.711 	0 	0 	
0.495 129.007 	0 	0 	
0.505 130.076 	0 	0 	
0.515 130.23 	0 	0 	
0.525 130.184 	0 	0 	
0.535 130.09 	0 	0 	
0.545 129.891 	0 	0 	
0.555 129.443 	0 	0 	
0.565 128.463 	0 	0 	
0.575 126.479 	-2.71168e-30 	0 	
0.585 122.798 	-1.72287e-30 	0 	
0.595 116.561 	0 	0 	
0.605 106.929 	0 	0 	
0.615 93.4522 	0 	0 	
0.625 76.5554 	0 	0 	
0.635 57.8553 	0 	0 	
0.645 39.8536 	0 	0 	
0.655 24.9097 	0 	0 	
0.665 14.1894 	0 	0 	
0.675 7.45063 	0 	0 	
0.685 3.65593 	0 	0 	
0.695 1.69627 	0 	0 	
0.705 0.750291 	0 	0 	
0.715 0.317948 	0 	0 	
0.725 0.12945 	0 	0 	
0.735 0.0507198 	0 	0 	
0.745 0.019144 	0 	0 	
0.755 0.00696629 	0 	0 	
0.765 0.0024455 	0 	0 	
0.775 0.000828693 	0 	0 	
0.785 0.000271226 	0 	0 	
0.795 8.57883e-05 	0 	0 	
0.805 2.62376e-05 	0 	0 	
0.815 7.7634e-06 	-1.00339e-29 	0 	
0.825 2.2235e-06 	0 	0 	
0.835 6.16729e-07 	0 	0 	
0.845 1.65741e-07 	0 	0 	
0.855 4.31758e-08 	0 	0 	
0.865 1.09072e-08 	0 	0 	
0.875 2.67315e-09 	0 	0 	
0.885 6.35811e-10 	0 	0 	
0.895 1.46796e-10 	0 	0 	
0.905 3.2895e-11 	0 	0 	
0.915 7.15301e-12 	0 	0 	
0.925 1.51216e-12 	0 	0 	
0.935 3.32851e-13 	0 	0 	
0.945 1.05807e-13 	0 	0 	
0.955 3.96777e-14 	0 	0 	
0.965 6.61295e-15 	0 	0 	
0.975 0 	0 	0 	
0.985 0 	0 	0 	
0.995 0 	0 	0 	
