0.005 273.15 303975
0.015 273.15 303975
0.025 273.15 303975
0.035 273.15 303975
0.045 273.15 303975
0.055 273.15 303975
0.065 273.15 303975
0.075 273.15 303975
0.085 273.15 303975
0.095 273.15 303975
0.105 273.15 303975
0.115 273.15 303975
0.125 273.15 303975
0.135 273.15 303975
0.145 273.15 303975
0.155 273.15 303975
0.165 273.15 303975
0.175 273.15 303975
0.185 273.15 303975
0.195 273.15 303974
0.205 273.149 303972
0.215 273.148 303968
0.225 273.146 303959
0.235 273.141 303939
0.245 273.131 303898
0.255 273.11 303820
0.265 273.072 303671
0.275 273.003 303402
0.285 272.884 302938
0.295 272.687 302174
0.305 272.377 300970
0.315 271.911 299159
0.325 271.238 296558
0.335 270.309 292985
0.345 269.08 288288
0.355 267.513 282362
0.365 265.588 275174
0.375 263.299 266768
0.385 260.66 257269
0.395 257.701 246876
0.405 254.472 235854
0.415 251.048 224526
0.425 247.528 213275
0.435 244.049 202543
0.445 240.79 192833
0.455 237.968 184671
0.465 235.796 178498
0.475 234.407 174483
0.485 233.746 172368
0.495 233.656 171535
0.505 234.401 171323
0.515 237.071 171302
0.525 243.123 171310
0.535 253.312 171314
0.545 266.928 171311
0.555 281.876 171293
0.565 295.577 171243
0.575 306.124 171124
0.585 312.929 170862
0.595 316.502 170327
0.605 317.765 169310
0.615 317.474 167512
0.625 316.016 164563
0.635 313.458 160092
0.645 309.723 153858
0.655 304.789 145935
0.665 298.883 136861
0.675 292.569 127601
0.685 286.626 119251
0.695 281.738 112612
0.705 278.207 107925
0.715 275.934 104946
0.725 274.6 103208
0.735 273.872 102262
0.745 273.496 101774
0.755 273.31 101532
0.765 273.222 101418
0.775 273.181 101365
0.785 273.163 101342
0.795 273.155 101332
0.805 273.152 101328
0.815 273.151 101326
0.825 273.15 101325
0.835 273.15 101325
0.845 273.15 101325
0.855 273.15 101325
0.865 273.15 101325
0.875 273.15 101325
0.885 273.15 101325
0.895 273.15 101325
0.905 273.15 101325
0.915 273.15 101325
0.925 273.15 101325
0.935 273.15 101325
0.945 273.15 101325
0.955 273.15 101325
0.965 273.15 101325
0.975 273.15 101325
0.985 273.15 101325
0.995 273.15 101325
