0.005 273.15 303975
0.015 273.15 303975
0.025 273.15 303975
0.035 273.15 303975
0.045 273.15 303975
0.055 273.15 303975
0.065 273.15 303975
0.075 273.15 303975
0.085 273.15 303975
0.095 273.15 303975
0.105 273.15 303975
0.115 273.15 303975
0.125 273.15 303975
0.135 273.15 303975
0.145 273.15 303975
0.155 273.15 303975
0.165 273.15 303975
0.175 273.15 303975
0.185 273.15 303974
0.195 273.15 303973
0.205 273.149 303970
0.215 273.147 303964
0.225 273.144 303951
0.235 273.137 303923
0.245 273.123 303868
0.255 273.096 303763
0.265 273.046 303570
0.275 272.959 303231
0.285 272.812 302662
0.295 272.577 301745
0.305 272.214 300336
0.315 271.68 298266
0.325 270.926 295357
0.335 269.907 291444
0.345 268.58 286395
0.355 266.918 280135
0.365 264.906 272659
0.375 262.543 264035
0.385 259.849 254409
0.395 256.858 243989
0.405 253.625 233043
0.415 250.225 221894
0.425 246.761 210915
0.435 243.369 200539
0.445 240.228 191248
0.455 237.548 183537
0.465 235.522 177793
0.475 234.255 174125
0.485 233.674 172231
0.495 233.614 171503
0.505 234.297 171322
0.515 236.734 171306
0.525 242.343 171315
0.535 251.968 171320
0.545 265.096 171318
0.555 279.84 171305
0.565 293.702 171268
0.575 304.689 171179
0.585 312.029 170978
0.595 316.091 170562
0.605 317.751 169755
0.615 317.807 168300
0.625 316.711 165858
0.635 314.584 162056
0.645 311.354 156588
0.655 306.939 149376
0.665 301.435 140750
0.675 295.254 131499
0.685 289.1 122695
0.695 283.727 115295
0.705 279.616 109786
0.715 276.828 106115
0.725 275.122 103887
0.735 274.157 102632
0.745 273.643 101966
0.755 273.383 101628
0.765 273.257 101464
0.775 273.197 101386
0.785 273.17 101351
0.795 273.159 101336
0.805 273.154 101330
0.815 273.151 101327
0.825 273.15 101326
0.835 273.15 101325
0.845 273.15 101325
0.855 273.15 101325
0.865 273.15 101325
0.875 273.15 101325
0.885 273.15 101325
0.895 273.15 101325
0.905 273.15 101325
0.915 273.15 101325
0.925 273.15 101325
0.935 273.15 101325
0.945 273.15 101325
0.955 273.15 101325
0.965 273.15 101325
0.975 273.15 101325
0.985 273.15 101325
0.995 273.15 101325
