0.005 273.15 303975
0.015 273.15 303975
0.025 273.15 303975
0.035 273.15 303975
0.045 273.15 303975
0.055 273.15 303975
0.065 273.15 303975
0.075 273.15 303975
0.085 273.15 303975
0.095 273.15 303975
0.105 273.15 303975
0.115 273.15 303975
0.125 273.15 303975
0.135 273.15 303975
0.145 273.15 303975
0.155 273.15 303975
0.165 273.15 303975
0.175 273.15 303975
0.185 273.15 303975
0.195 273.15 303975
0.205 273.15 303975
0.215 273.15 303975
0.225 273.15 303975
0.235 273.15 303975
0.245 273.15 303975
0.255 273.15 303975
0.265 273.15 303975
0.275 273.15 303975
0.285 273.15 303975
0.295 273.15 303975
0.305 273.15 303975
0.315 273.15 303975
0.325 273.15 303975
0.335 273.15 303975
0.345 273.15 303974
0.355 273.15 303973
0.365 273.148 303966
0.375 273.141 303941
0.385 273.121 303863
0.395 273.063 303634
0.405 272.909 303029
0.415 272.545 301581
0.425 271.773 298482
0.435 270.325 292577
0.445 267.936 282646
0.455 264.507 267995
0.465 260.34 249168
0.475 256.344 228240
0.485 254.09 208299
0.495 255.425 192127
0.505 261.465 180737
0.515 271.469 172796
0.525 282.597 165471
0.535 291.006 156130
0.545 293.844 143939
0.555 291.011 130426
0.565 285.178 118402
0.575 279.635 109894
0.585 276.044 105045
0.595 274.265 102752
0.605 273.534 101819
0.615 273.271 101482
0.625 273.185 101371
0.635 273.16 101337
0.645 273.152 101328
0.655 273.15 101326
0.665 273.15 101325
0.675 273.15 101325
0.685 273.15 101325
0.695 273.15 101325
0.705 273.15 101325
0.715 273.15 101325
0.725 273.15 101325
0.735 273.15 101325
0.745 273.15 101325
0.755 273.15 101325
0.765 273.15 101325
0.775 273.15 101325
0.785 273.15 101325
0.795 273.15 101325
0.805 273.15 101325
0.815 273.15 101325
0.825 273.15 101325
0.835 273.15 101325
0.845 273.15 101325
0.855 273.15 101325
0.865 273.15 101325
0.875 273.15 101325
0.885 273.15 101325
0.895 273.15 101325
0.905 273.15 101325
0.915 273.15 101325
0.925 273.15 101325
0.935 273.15 101325
0.945 273.15 101325
0.955 273.15 101325
0.965 273.15 101325
0.975 273.15 101325
0.985 273.15 101325
0.995 273.15 101325
