0.005 273.15 303975
0.015 273.15 303975
0.025 273.15 303975
0.035 273.15 303975
0.045 273.15 303975
0.055 273.15 303975
0.065 273.15 303975
0.075 273.15 303975
0.085 273.15 303975
0.095 273.15 303975
0.105 273.15 303975
0.115 273.15 303975
0.125 273.15 303975
0.135 273.15 303975
0.145 273.15 303975
0.155 273.15 303975
0.165 273.15 303975
0.175 273.15 303975
0.185 273.15 303975
0.195 273.15 303975
0.205 273.15 303975
0.215 273.15 303975
0.225 273.15 303975
0.235 273.15 303975
0.245 273.15 303975
0.255 273.15 303975
0.265 273.15 303975
0.275 273.15 303975
0.285 273.15 303975
0.295 273.15 303975
0.305 273.15 303975
0.315 273.15 303975
0.325 273.15 303975
0.335 273.15 303975
0.345 273.065 303643
0.355 272.15 300115
0.365 269.408 289739
0.375 265.017 273610
0.385 259.861 255465
0.395 254.461 237383
0.405 249.06 220213
0.415 243.887 204593
0.425 239.269 191299
0.435 235.634 181235
0.445 233.312 175056
0.455 232.256 172246
0.465 231.985 171350
0.475 231.972 171350
0.485 232.067 171650
0.495 232.203 171801
0.505 232.239 171712
0.515 232.32 171498
0.525 233.483 171318
0.535 239.435 171287
0.545 255.184 171424
0.555 279.928 171657
0.565 303.795 171854
0.575 316.804 171884
0.585 319.76 171769
0.595 319.506 171602
0.605 319.122 171341
0.615 318.816 171101
0.625 318.816 171256
0.635 318.77 171216
0.645 317.94 169686
0.655 314.136 162883
0.665 303.178 144854
0.675 287.278 120806
0.685 276.233 105351
0.695 273.201 101391
0.705 273.15 101325
0.715 273.15 101325
0.725 273.15 101325
0.735 273.15 101325
0.745 273.15 101325
0.755 273.15 101325
0.765 273.15 101325
0.775 273.15 101325
0.785 273.15 101325
0.795 273.15 101325
0.805 273.15 101325
0.815 273.15 101325
0.825 273.15 101325
0.835 273.15 101325
0.845 273.15 101325
0.855 273.15 101325
0.865 273.15 101325
0.875 273.15 101325
0.885 273.15 101325
0.895 273.15 101325
0.905 273.15 101325
0.915 273.15 101325
0.925 273.15 101325
0.935 273.15 101325
0.945 273.15 101325
0.955 273.15 101325
0.965 273.15 101325
0.975 273.15 101325
0.985 273.15 101325
0.995 273.15 101325
