0.005 2.79433e-14 	0 	0 	
0.015 4.70253e-14 	0 	0 	
0.025 7.64162e-14 	0 	0 	
0.035 9.11116e-14 	0 	0 	
0.045 7.05381e-14 	0 	0 	
0.055 3.5269e-14 	0 	0 	
0.065 2.19335e-25 	0 	0 	
0.075 -2.35127e-14 	0 	0 	
0.085 -1.46954e-14 	0 	0 	
0.095 5.87817e-14 	0 	0 	
0.105 3.35056e-13 	0 	0 	
0.115 1.69879e-12 	0 	0 	
0.125 8.54979e-12 	0 	0 	
0.135 4.11384e-11 	0 	0 	
0.145 1.90591e-10 	-4.89456e-31 	0 	
0.155 8.52816e-10 	0 	0 	
0.165 3.68652e-09 	0 	0 	
0.175 1.53907e-08 	0 	0 	
0.185 6.20253e-08 	0 	0 	
0.195 2.41153e-07 	0 	0 	
0.205 9.03936e-07 	0 	0 	
0.215 3.26431e-06 	0 	0 	
0.225 1.13477e-05 	1.63152e-31 	0 	
0.235 3.79416e-05 	1.63152e-30 	0 	
0.245 0.000121901 	3.26303e-31 	0 	
0.255 0.000375959 	0 	0 	
0.265 0.00111182 	0 	0 	
0.275 0.00314898 	0 	0 	
0.285 0.00853063 	0 	0 	
0.295 0.0220727 	0 	0 	
0.305 0.0544676 	0 	0 	
0.315 0.12798 	0 	0 	
0.325 0.285864 	0 	0 	
0.335 0.606028 	0 	0 	
0.345 1.21762 	0 	0 	
0.355 2.31582 	0 	0 	
0.365 4.16644 	0 	0 	
0.375 7.09017 	0 	0 	
0.385 11.4199 	0 	0 	
0.395 17.4347 	0 	0 	
0.405 25.2859 	0 	0 	
0.415 34.9377 	0 	0 	
0.425 46.1406 	0 	0 	
0.435 58.4452 	0 	0 	
0.445 71.2475 	0 	0 	
0.455 83.8571 	0 	0 	
0.465 95.5792 	0 	0 	
0.475 105.809 	0 	0 	
0.485 114.128 	0 	0 	
0.495 120.379 	0 	0 	
0.505 124.677 	0 	0 	
0.515 127.348 	0 	0 	
0.525 128.794 	0 	0 	
0.535 129.337 	0 	0 	
0.545 129.084 	0 	0 	
0.555 127.83 	0 	0 	
0.565 125.021 	0 	0 	
0.575 119.801 	-1.00731e-30 	0 	
0.585 111.191 	-3.4927e-31 	0 	
0.595 98.4714 	0 	0 	
0.605 81.7594 	0 	0 	
0.615 62.5025 	0 	0 	
0.625 43.3463 	0 	0 	
0.635 27.0726 	0 	0 	
0.645 15.2685 	0 	0 	
0.655 7.86358 	0 	0 	
0.665 3.75352 	0 	0 	
0.675 1.68269 	0 	0 	
0.685 0.715086 	0 	0 	
0.695 0.289704 	0 	0 	
0.705 0.112251 	0 	0 	
0.715 0.0416751 	0 	0 	
0.725 0.0148438 	0 	0 	
0.735 0.00507685 	0 	0 	
0.745 0.00166867 	0 	0 	
0.755 0.000527461 	0 	0 	
0.765 0.000160459 	0 	0 	
0.775 4.70088e-05 	0 	0 	
0.785 1.32714e-05 	0 	0 	
0.795 3.61284e-06 	0 	0 	
0.805 9.48913e-07 	-2.44728e-31 	0 	
0.815 2.40598e-07 	-1.46837e-30 	0 	
0.825 5.89209e-08 	0 	0 	
0.835 1.39434e-08 	0 	0 	
0.845 3.19001e-09 	0 	0 	
0.855 7.05877e-10 	0 	0 	
0.865 1.51176e-10 	0 	0 	
0.875 3.13696e-11 	0 	0 	
0.885 6.29552e-12 	0 	0 	
0.895 1.21678e-12 	0 	0 	
0.905 2.4027e-13 	0 	0 	
0.915 4.18821e-14 	0 	0 	
0.925 -1.10216e-14 	0 	0 	
0.935 -1.32259e-14 	0 	0 	
0.945 6.61295e-15 	0 	0 	
0.955 2.64518e-14 	0 	0 	
0.965 1.76345e-14 	0 	0 	
0.975 2.20432e-15 	0 	0 	
0.985 0 	0 	0 	
0.995 0 	0 	0 	
