0.005 273.15 303975
0.015 273.15 303975
0.025 273.15 303975
0.035 273.15 303975
0.045 273.15 303975
0.055 273.15 303975
0.065 273.15 303975
0.075 273.15 303975
0.085 273.15 303975
0.095 273.15 303975
0.105 273.15 303975
0.115 273.15 303975
0.125 273.15 303975
0.135 273.15 303975
0.145 273.15 303975
0.155 273.15 303975
0.165 273.15 303975
0.175 273.15 303975
0.185 273.15 303975
0.195 273.15 303975
0.205 273.15 303975
0.215 273.15 303975
0.225 273.15 303975
0.235 273.15 303975
0.245 273.15 303975
0.255 273.15 303975
0.265 273.15 303974
0.275 273.149 303971
0.285 273.147 303964
0.295 273.143 303947
0.305 273.132 303905
0.315 273.108 303811
0.325 273.056 303608
0.335 272.951 303198
0.345 272.751 302417
0.355 272.393 301017
0.365 271.793 298672
0.375 270.852 294999
0.385 269.471 289631
0.395 267.575 282311
0.405 265.135 272991
0.415 262.187 261888
0.425 258.838 249477
0.435 255.269 236415
0.445 251.722 223438
0.455 248.495 211250
0.465 245.937 200432
0.475 244.441 191388
0.485 244.415 184306
0.495 246.231 179152
0.505 250.142 175696
0.515 256.186 173573
0.525 264.106 172358
0.535 273.325 171625
0.545 282.981 170957
0.555 292.05 169910
0.565 299.505 167968
0.575 304.476 164546
0.585 306.389 159099
0.595 305.081 151374
0.605 300.916 141721
0.615 294.854 131225
0.625 288.288 121399
0.635 282.555 113512
0.645 278.394 108052
0.655 275.816 104741
0.665 274.409 102943
0.675 273.71 102047
0.685 273.387 101631
0.695 273.246 101449
0.705 273.187 101373
0.715 273.164 101343
0.725 273.155 101332
0.735 273.151 101328
0.745 273.15 101326
0.755 273.15 101325
0.765 273.15 101325
0.775 273.15 101325
0.785 273.15 101325
0.795 273.15 101325
0.805 273.15 101325
0.815 273.15 101325
0.825 273.15 101325
0.835 273.15 101325
0.845 273.15 101325
0.855 273.15 101325
0.865 273.15 101325
0.875 273.15 101325
0.885 273.15 101325
0.895 273.15 101325
0.905 273.15 101325
0.915 273.15 101325
0.925 273.15 101325
0.935 273.15 101325
0.945 273.15 101325
0.955 273.15 101325
0.965 273.15 101325
0.975 273.15 101325
0.985 273.15 101325
0.995 273.15 101325
