0.005 3.62634e-14 	0 	0 	
0.015 7.64163e-14 	0 	0 	
0.025 8.52335e-14 	0 	0 	
0.035 6.7599e-14 	0 	0 	
0.045 4.99645e-14 	0 	0 	
0.055 2.64518e-14 	0 	0 	
0.065 8.81725e-15 	0 	0 	
0.075 -1.46954e-14 	0 	0 	
0.085 -4.40863e-14 	0 	0 	
0.095 -3.233e-14 	0 	0 	
0.105 -1.76345e-14 	0 	0 	
0.115 -1.76345e-14 	0 	0 	
0.125 -8.81725e-15 	0 	0 	
0.135 -3.82081e-14 	0 	0 	
0.145 -9.11115e-14 	-5.22087e-30 	0 	
0.155 -1.08746e-13 	0 	0 	
0.165 -1.14624e-13 	0 	0 	
0.175 -1.44015e-13 	0 	0 	
0.185 -1.55771e-13 	0 	0 	
0.195 -1.2638e-13 	0 	0 	
0.205 -9.99289e-14 	0 	0 	
0.215 -7.64163e-14 	0 	0 	
0.225 -2.64518e-14 	0 	0 	
0.235 3.82081e-14 	1.04417e-29 	0 	
0.245 9.99287e-14 	0 	0 	
0.255 1.49893e-13 	0 	0 	
0.265 1.73406e-13 	0 	0 	
0.275 1.52833e-13 	0 	0 	
0.285 1.05807e-13 	0 	0 	
0.295 7.34772e-14 	0 	0 	
0.305 6.17208e-14 	0 	0 	
0.315 6.46599e-14 	0 	0 	
0.325 7.0538e-14 	0 	0 	
0.335 3.82081e-14 	0 	0 	
0.345 -4.11473e-14 	0 	0 	
0.355 -1.23442e-13 	0 	0 	
0.365 -1.6165e-13 	0 	0 	
0.375 0.848997 	0 	0 	
0.385 5.99672 	0 	0 	
0.395 18.3403 	0 	0 	
0.405 36.004 	0 	0 	
0.415 55.787 	0 	0 	
0.425 76.0393 	0 	0 	
0.435 95.35 	0 	0 	
0.445 111.689 	0 	0 	
0.455 122.979 	0 	0 	
0.465 128.724 	0 	0 	
0.475 130.388 	0 	0 	
0.485 130.17 	0 	0 	
0.495 129.716 	0 	0 	
0.505 129.725 	0 	0 	
0.515 130.154 	0 	0 	
0.525 130.586 	0 	0 	
0.535 130.76 	0 	0 	
0.545 130.612 	0 	0 	
0.555 130.137 	0 	0 	
0.565 129.68 	0 	0 	
0.575 129.413 	-3.39662e-30 	0 	
0.585 129.268 	-2.70972e-30 	0 	
0.595 129.843 	0 	0 	
0.605 129.975 	0 	0 	
0.615 125.721 	0 	0 	
0.625 107.982 	0 	0 	
0.635 68.8128 	0 	0 	
0.645 25.6649 	0 	0 	
0.655 3.86695 	0 	0 	
0.665 -1.54302e-14 	0 	0 	
0.675 -1.32259e-14 	0 	0 	
0.685 3.52691e-14 	0 	0 	
0.695 7.27424e-14 	0 	0 	
0.705 8.37639e-14 	0 	0 	
0.715 8.59682e-14 	0 	0 	
0.725 9.03768e-14 	0 	0 	
0.735 8.15596e-14 	0 	0 	
0.745 4.62906e-14 	0 	0 	
0.755 2.20433e-15 	0 	0 	
0.765 -1.10216e-14 	0 	0 	
0.775 4.40863e-15 	0 	0 	
0.785 1.10216e-14 	0 	0 	
0.795 1.32259e-14 	0 	0 	
0.805 3.5269e-14 	0 	0 	
0.815 5.29036e-14 	-7.83129e-30 	0 	
0.825 3.74733e-14 	0 	0 	
0.835 1.54302e-14 	0 	0 	
0.845 2.20431e-14 	0 	0 	
0.855 5.73122e-14 	0 	0 	
0.865 6.39251e-14 	0 	0 	
0.875 2.2043e-15 	0 	0 	
0.885 -5.95165e-14 	0 	0 	
0.895 -6.17208e-14 	0 	0 	
0.905 -5.06992e-14 	0 	0 	
0.915 -5.95165e-14 	0 	0 	
0.925 -4.62906e-14 	0 	0 	
0.935 6.61295e-15 	0 	0 	
0.945 5.73122e-14 	0 	0 	
0.955 6.17208e-14 	0 	0 	
0.965 2.64518e-14 	0 	0 	
0.975 -4.99995e-21 	0 	0 	
0.985 -2.20432e-15 	0 	0 	
0.995 -2.44728e-31 	0 	0 	
