0.005 3.62634e-14 	0 	0 	
0.015 7.64163e-14 	0 	0 	
0.025 8.52335e-14 	0 	0 	
0.035 7.05381e-14 	0 	0 	
0.045 6.17208e-14 	0 	0 	
0.055 4.99645e-14 	0 	0 	
0.065 2.64518e-14 	0 	0 	
0.075 -2.35126e-14 	0 	0 	
0.085 -6.46598e-14 	0 	0 	
0.095 -4.70253e-14 	0 	0 	
0.105 -2.05736e-14 	0 	0 	
0.115 -1.46954e-14 	0 	0 	
0.125 -1.46954e-14 	0 	0 	
0.135 -4.70252e-14 	0 	0 	
0.145 -9.40505e-14 	-5.54717e-30 	0 	
0.155 -1.08746e-13 	0 	0 	
0.165 -1.17563e-13 	0 	0 	
0.175 -1.44015e-13 	0 	0 	
0.185 -1.46954e-13 	0 	0 	
0.195 -1.14624e-13 	0 	0 	
0.205 -8.22944e-14 	0 	0 	
0.215 -5.58426e-14 	0 	0 	
0.225 -2.05736e-14 	0 	0 	
0.235 3.23299e-14 	1.10943e-29 	0 	
0.245 9.11117e-14 	0 	0 	
0.255 1.32259e-13 	0 	0 	
0.265 1.55772e-13 	0 	0 	
0.275 1.46954e-13 	0 	0 	
0.285 1.02868e-13 	0 	0 	
0.295 7.05381e-14 	0 	0 	
0.305 6.46599e-14 	0 	0 	
0.315 6.46599e-14 	0 	0 	
0.325 6.17208e-14 	0 	0 	
0.335 1.46955e-14 	0 	0 	
0.345 -7.64161e-14 	0 	0 	
0.355 -1.32259e-13 	0 	0 	
0.365 0.269082 	0 	0 	
0.375 3.38346 	0 	0 	
0.385 12.9232 	0 	0 	
0.395 28.4148 	0 	0 	
0.405 46.7776 	0 	0 	
0.415 66.0939 	0 	0 	
0.425 85.2183 	0 	0 	
0.435 102.754 	0 	0 	
0.445 116.685 	0 	0 	
0.455 125.446 	0 	0 	
0.465 129.502 	0 	0 	
0.475 130.634 	0 	0 	
0.485 130.4 	0 	0 	
0.495 129.871 	0 	0 	
0.505 129.655 	0 	0 	
0.515 129.823 	0 	0 	
0.525 130.217 	0 	0 	
0.535 130.614 	0 	0 	
0.545 130.728 	0 	0 	
0.555 130.571 	0 	0 	
0.565 130.251 	0 	0 	
0.575 129.663 	-3.39015e-30 	0 	
0.585 129.241 	-2.71025e-30 	0 	
0.595 129.658 	0 	0 	
0.605 129.934 	0 	0 	
0.615 129.01 	0 	0 	
0.625 123.942 	0 	0 	
0.635 103.281 	0 	0 	
0.645 61.5464 	0 	0 	
0.655 20.5173 	0 	0 	
0.665 2.44682 	0 	0 	
0.675 -8.81725e-15 	0 	0 	
0.685 3.08604e-14 	0 	0 	
0.695 6.83337e-14 	0 	0 	
0.705 8.37639e-14 	0 	0 	
0.715 8.59682e-14 	0 	0 	
0.725 9.03768e-14 	0 	0 	
0.735 8.15596e-14 	0 	0 	
0.745 4.62906e-14 	0 	0 	
0.755 2.20433e-15 	0 	0 	
0.765 -1.10216e-14 	0 	0 	
0.775 4.40863e-15 	0 	0 	
0.785 1.32259e-14 	0 	0 	
0.795 1.98388e-14 	0 	0 	
0.805 4.1882e-14 	0 	0 	
0.815 5.51079e-14 	-8.32077e-30 	0 	
0.825 3.74733e-14 	0 	0 	
0.835 1.54302e-14 	0 	0 	
0.845 2.42475e-14 	0 	0 	
0.855 6.17208e-14 	0 	0 	
0.865 6.83337e-14 	0 	0 	
0.875 4.40863e-15 	0 	0 	
0.885 -6.39251e-14 	0 	0 	
0.895 -6.83338e-14 	0 	0 	
0.905 -5.29035e-14 	0 	0 	
0.915 -5.95165e-14 	0 	0 	
0.925 -4.62906e-14 	0 	0 	
0.935 6.61295e-15 	0 	0 	
0.945 5.73122e-14 	0 	0 	
0.955 6.17208e-14 	0 	0 	
0.965 2.64518e-14 	0 	0 	
0.975 -4.99995e-21 	0 	0 	
0.985 -2.20432e-15 	0 	0 	
0.995 -2.44728e-31 	0 	0 	
