0.005 273.15 303975
0.015 273.15 303975
0.025 273.15 303975
0.035 273.15 303975
0.045 273.15 303975
0.055 273.15 303975
0.065 273.15 303975
0.075 273.15 303975
0.085 273.15 303975
0.095 273.15 303975
0.105 273.15 303975
0.115 273.15 303975
0.125 273.15 303975
0.135 273.15 303975
0.145 273.15 303975
0.155 273.15 303975
0.165 273.15 303975
0.175 273.15 303975
0.185 273.15 303975
0.195 273.15 303975
0.205 273.15 303975
0.215 273.15 303975
0.225 273.15 303975
0.235 273.15 303975
0.245 273.15 303975
0.255 273.15 303975
0.265 273.15 303975
0.275 273.15 303975
0.285 273.15 303975
0.295 273.15 303975
0.305 273.15 303975
0.315 273.15 303974
0.325 273.149 303972
0.335 273.147 303966
0.345 273.143 303947
0.355 273.13 303896
0.365 273.096 303764
0.375 273.015 303449
0.385 272.837 302755
0.395 272.474 301342
0.405 271.796 298701
0.415 270.628 294169
0.425 268.776 287028
0.435 266.056 276671
0.445 262.341 262805
0.455 257.594 245598
0.465 251.956 225931
0.475 246.256 206029
0.485 242.796 189563
0.495 244.234 179226
0.505 251.207 174212
0.515 262.879 171828
0.525 277.718 170054
0.535 292.345 167524
0.545 302.673 162966
0.555 306.32 155478
0.565 303.496 145082
0.575 296.563 133097
0.585 288.623 121715
0.595 282.001 112828
0.605 277.59 107067
0.615 275.142 103901
0.625 273.966 102382
0.635 273.46 101727
0.645 273.26 101468
0.655 273.187 101373
0.665 273.161 101340
0.675 273.153 101330
0.685 273.151 101326
0.695 273.15 101325
0.705 273.15 101325
0.715 273.15 101325
0.725 273.15 101325
0.735 273.15 101325
0.745 273.15 101325
0.755 273.15 101325
0.765 273.15 101325
0.775 273.15 101325
0.785 273.15 101325
0.795 273.15 101325
0.805 273.15 101325
0.815 273.15 101325
0.825 273.15 101325
0.835 273.15 101325
0.845 273.15 101325
0.855 273.15 101325
0.865 273.15 101325
0.875 273.15 101325
0.885 273.15 101325
0.895 273.15 101325
0.905 273.15 101325
0.915 273.15 101325
0.925 273.15 101325
0.935 273.15 101325
0.945 273.15 101325
0.955 273.15 101325
0.965 273.15 101325
0.975 273.15 101325
0.985 273.15 101325
0.995 273.15 101325
