0.005 0 	0 	0 	
0.015 1.76345e-14 	0 	0 	
0.025 5.58426e-14 	0 	0 	
0.035 7.34772e-14 	0 	0 	
0.045 6.46599e-14 	0 	0 	
0.055 3.5269e-14 	0 	0 	
0.065 -1.46954e-14 	0 	0 	
0.075 -4.40863e-14 	0 	0 	
0.085 -3.52691e-14 	0 	0 	
0.095 2.93907e-15 	0 	0 	
0.105 3.82081e-14 	0 	0 	
0.115 3.5269e-14 	0 	0 	
0.125 1.17563e-14 	0 	0 	
0.135 -4.99646e-14 	0 	0 	
0.145 -1.26381e-13 	-3.26305e-31 	0 	
0.155 -1.2932e-13 	0 	0 	
0.165 -9.11116e-14 	0 	0 	
0.175 -6.46599e-14 	0 	0 	
0.185 -2.93909e-14 	0 	0 	
0.195 2.35127e-14 	0 	0 	
0.205 5.29035e-14 	0 	0 	
0.215 4.11472e-14 	0 	0 	
0.225 4.99643e-14 	0 	0 	
0.235 1.23441e-13 	6.52609e-31 	0 	
0.245 7.17137e-13 	0 	0 	
0.255 6.4895e-12 	0 	0 	
0.265 5.68949e-11 	0 	0 	
0.275 4.64508e-10 	0 	0 	
0.285 3.53358e-09 	0 	0 	
0.295 2.50557e-08 	0 	0 	
0.305 1.65604e-07 	0 	0 	
0.315 1.01993e-06 	0 	0 	
0.325 5.84953e-06 	0 	0 	
0.335 3.12106e-05 	0 	0 	
0.345 0.000154716 	0 	0 	
0.355 0.000711323 	0 	0 	
0.365 0.00302667 	0 	0 	
0.375 0.0118875 	0 	0 	
0.385 0.0429616 	0 	0 	
0.395 0.142353 	0 	0 	
0.405 0.430735 	0 	0 	
0.415 1.18528 	0 	0 	
0.425 2.95508 	0 	0 	
0.435 6.65607 	0 	0 	
0.445 13.524 	0 	0 	
0.455 24.7827 	0 	0 	
0.465 40.9883 	0 	0 	
0.475 61.2598 	0 	0 	
0.485 82.9419 	0 	0 	
0.495 102.182 	0 	0 	
0.505 115.242 	0 	0 	
0.515 119.617 	0 	0 	
0.525 114.127 	0 	0 	
0.535 98.7662 	0 	0 	
0.545 75.636 	0 	0 	
0.555 49.8493 	0 	0 	
0.565 27.7317 	0 	0 	
0.575 13.0009 	-7.10365e-31 	0 	
0.585 5.22622 	0 	0 	
0.595 1.84994 	0 	0 	
0.605 0.589854 	0 	0 	
0.615 0.171805 	0 	0 	
0.625 0.0460567 	0 	0 	
0.635 0.0114112 	0 	0 	
0.645 0.00262005 	0 	0 	
0.655 0.00055858 	0 	0 	
0.665 0.000110747 	0 	0 	
0.675 2.0445e-05 	0 	0 	
0.685 3.51773e-06 	0 	0 	
0.695 5.64485e-07 	0 	0 	
0.705 8.45136e-08 	0 	0 	
0.715 1.18071e-08 	0 	0 	
0.725 1.539e-09 	0 	0 	
0.735 1.87096e-10 	0 	0 	
0.745 2.12011e-11 	0 	0 	
0.755 2.23958e-12 	0 	0 	
0.765 2.2484e-13 	0 	0 	
0.775 1.10216e-14 	0 	0 	
0.785 -3.30647e-14 	0 	0 	
0.795 -4.62906e-14 	0 	0 	
0.805 -2.20432e-14 	0 	0 	
0.815 2.64518e-14 	-4.89455e-31 	0 	
0.825 5.06992e-14 	0 	0 	
0.835 2.86561e-14 	0 	0 	
0.845 4.40863e-15 	0 	0 	
0.855 -1.10216e-14 	0 	0 	
0.865 -2.64518e-14 	0 	0 	
0.875 -1.10216e-14 	0 	0 	
0.885 1.98388e-14 	0 	0 	
0.895 2.20432e-14 	0 	0 	
0.905 2.20433e-15 	0 	0 	
0.915 -1.54302e-14 	0 	0 	
0.925 -1.98388e-14 	0 	0 	
0.935 -1.32259e-14 	0 	0 	
0.945 6.61295e-15 	0 	0 	
0.955 2.64518e-14 	0 	0 	
0.965 1.76345e-14 	0 	0 	
0.975 2.20432e-15 	0 	0 	
0.985 0 	0 	0 	
0.995 0 	0 	0 	
