0.005 273.15 303975
0.015 273.15 303975
0.025 273.15 303975
0.035 273.15 303975
0.045 273.15 303975
0.055 273.15 303975
0.065 273.15 303975
0.075 273.15 303975
0.085 273.15 303975
0.095 273.15 303975
0.105 273.15 303975
0.115 273.15 303975
0.125 273.15 303975
0.135 273.15 303975
0.145 273.15 303975
0.155 273.15 303975
0.165 273.15 303975
0.175 273.15 303975
0.185 273.15 303975
0.195 273.15 303975
0.205 273.15 303975
0.215 273.15 303975
0.225 273.15 303975
0.235 273.15 303975
0.245 273.15 303975
0.255 273.15 303975
0.265 273.15 303975
0.275 273.15 303975
0.285 273.15 303975
0.295 273.15 303975
0.305 273.15 303975
0.315 273.15 303975
0.325 273.15 303975
0.335 273.15 303975
0.345 273.15 303975
0.355 273.15 303975
0.365 273.069 303657
0.375 272.07 299808
0.385 268.98 288158
0.395 263.964 269876
0.405 258.047 249340
0.415 251.88 229115
0.425 245.84 210437
0.435 240.374 194433
0.445 236.042 182360
0.455 233.41 175200
0.465 232.35 172353
0.475 232.035 171626
0.485 232.026 171436
0.495 232.091 171320
0.505 232.05 171241
0.515 232.576 171331
0.525 236.808 171617
0.535 250.539 171894
0.545 275.034 171990
0.555 300.697 171887
0.565 315.708 171570
0.575 319.477 171257
0.585 319.277 171104
0.595 318.921 170982
0.605 318.851 171200
0.615 318.719 171088
0.625 316.829 167641
0.635 309.529 155113
0.645 294.885 132074
0.655 280.385 111018
0.665 274.019 102422
0.675 273.15 101325
0.685 273.15 101325
0.695 273.15 101325
0.705 273.15 101325
0.715 273.15 101325
0.725 273.15 101325
0.735 273.15 101325
0.745 273.15 101325
0.755 273.15 101325
0.765 273.15 101325
0.775 273.15 101325
0.785 273.15 101325
0.795 273.15 101325
0.805 273.15 101325
0.815 273.15 101325
0.825 273.15 101325
0.835 273.15 101325
0.845 273.15 101325
0.855 273.15 101325
0.865 273.15 101325
0.875 273.15 101325
0.885 273.15 101325
0.895 273.15 101325
0.905 273.15 101325
0.915 273.15 101325
0.925 273.15 101325
0.935 273.15 101325
0.945 273.15 101325
0.955 273.15 101325
0.965 273.15 101325
0.975 273.15 101325
0.985 273.15 101325
0.995 273.15 101325
