0.005 8.81725e-15 	0 	0 	
0.015 3.23299e-14 	0 	0 	
0.025 6.17208e-14 	0 	0 	
0.035 7.64162e-14 	0 	0 	
0.045 5.58426e-14 	0 	0 	
0.055 2.05736e-14 	0 	0 	
0.065 -5.87817e-15 	0 	0 	
0.075 -3.5269e-14 	0 	0 	
0.085 -4.11472e-14 	0 	0 	
0.095 2.93905e-15 	0 	0 	
0.105 4.11472e-14 	0 	0 	
0.115 3.82081e-14 	0 	0 	
0.125 1.46954e-14 	0 	0 	
0.135 -4.70254e-14 	0 	0 	
0.145 -1.20503e-13 	-1.95782e-30 	0 	
0.155 -1.32259e-13 	0 	0 	
0.165 -1.02868e-13 	0 	0 	
0.175 -7.05381e-14 	0 	0 	
0.185 -3.233e-14 	0 	0 	
0.195 8.81725e-15 	0 	0 	
0.205 3.82081e-14 	0 	0 	
0.215 5.29036e-14 	0 	0 	
0.225 1.32259e-13 	0 	0 	
0.235 8.20004e-13 	3.91565e-30 	0 	
0.245 6.62469e-12 	0 	0 	
0.255 5.32797e-11 	0 	0 	
0.265 4.04074e-10 	0 	0 	
0.275 2.87293e-09 	0 	0 	
0.285 1.91427e-08 	0 	0 	
0.295 1.19504e-07 	0 	0 	
0.305 6.9863e-07 	0 	0 	
0.315 3.8218e-06 	0 	0 	
0.325 1.9543e-05 	0 	0 	
0.335 9.32899e-05 	0 	0 	
0.345 0.000415028 	0 	0 	
0.355 0.00171727 	0 	0 	
0.365 0.00659288 	0 	0 	
0.375 0.0234185 	0 	0 	
0.385 0.0767188 	0 	0 	
0.395 0.230994 	0 	0 	
0.405 0.637063 	0 	0 	
0.415 1.60484 	0 	0 	
0.425 3.68735 	0 	0 	
0.435 7.73121 	0 	0 	
0.445 14.8329 	0 	0 	
0.455 26.1599 	0 	0 	
0.465 42.6202 	0 	0 	
0.475 64.3099 	0 	0 	
0.485 89.3203 	0 	0 	
0.495 112.03 	0 	0 	
0.505 125.037 	0 	0 	
0.515 126.515 	0 	0 	
0.525 120.086 	0 	0 	
0.535 106.97 	0 	0 	
0.545 86.7134 	0 	0 	
0.555 61.8944 	0 	0 	
0.565 37.8993 	0 	0 	
0.575 19.684 	0 	0 	
0.585 8.73938 	0 	0 	
0.595 3.39214 	0 	0 	
0.605 1.17987 	0 	0 	
0.615 0.374364 	0 	0 	
0.625 0.109461 	0 	0 	
0.635 0.0296558 	0 	0 	
0.645 0.00746889 	0 	0 	
0.655 0.00175255 	0 	0 	
0.665 0.000383806 	0 	0 	
0.675 7.85615e-05 	0 	0 	
0.685 1.5048e-05 	0 	0 	
0.695 2.69981e-06 	0 	0 	
0.705 4.5404e-07 	0 	0 	
0.715 7.16116e-08 	0 	0 	
0.725 1.05958e-08 	0 	0 	
0.735 1.4709e-09 	0 	0 	
0.745 1.9155e-10 	0 	0 	
0.755 2.33856e-11 	0 	0 	
0.765 2.67824e-12 	0 	0 	
0.775 2.95378e-13 	0 	0 	
0.785 1.98389e-14 	0 	0 	
0.795 -1.32259e-14 	0 	0 	
0.805 2.2043e-15 	0 	0 	
0.815 1.54302e-14 	-2.93674e-30 	0 	
0.825 1.32259e-14 	0 	0 	
0.835 4.40863e-15 	0 	0 	
0.845 0 	0 	0 	
0.855 0 	0 	0 	
0.865 -8.81725e-15 	0 	0 	
0.875 -1.10216e-14 	0 	0 	
0.885 6.61296e-15 	0 	0 	
0.895 1.10216e-14 	0 	0 	
0.905 5.43285e-26 	0 	0 	
0.915 -1.54302e-14 	0 	0 	
0.925 -2.42475e-14 	0 	0 	
0.935 -2.71409e-25 	0 	0 	
0.945 2.42475e-14 	0 	0 	
0.955 1.54302e-14 	0 	0 	
0.965 2.20432e-15 	0 	0 	
0.975 0 	0 	0 	
0.985 0 	0 	0 	
0.995 0 	0 	0 	
