0.005 273.15 303975
0.015 273.15 303975
0.025 273.15 303975
0.035 273.15 303975
0.045 273.15 303975
0.055 273.15 303975
0.065 273.15 303975
0.075 273.15 303975
0.085 273.15 303975
0.095 273.15 303975
0.105 273.15 303975
0.115 273.15 303975
0.125 273.15 303975
0.135 273.15 303975
0.145 273.15 303975
0.155 273.15 303975
0.165 273.15 303975
0.175 273.15 303975
0.185 273.15 303975
0.195 273.15 303975
0.205 273.15 303974
0.215 273.149 303972
0.225 273.148 303967
0.235 273.145 303955
0.245 273.139 303931
0.255 273.126 303881
0.265 273.1 303780
0.275 273.05 303587
0.285 272.96 303234
0.295 272.803 302621
0.305 272.542 301605
0.315 272.131 300003
0.325 271.514 297602
0.335 270.632 294186
0.345 269.435 289572
0.355 267.886 283647
0.365 265.97 276406
0.375 263.703 267961
0.385 261.128 258536
0.395 258.313 248438
0.405 255.345 238020
0.415 252.329 227645
0.425 249.378 217656
0.435 246.617 208353
0.445 244.18 199982
0.455 242.215 192719
0.465 240.881 186666
0.475 240.349 181843
0.485 240.793 178191
0.495 242.381 175578
0.505 245.254 173823
0.515 249.488 172724
0.525 255.07 172085
0.535 261.86 171738
0.545 269.576 171557
0.555 277.808 171444
0.565 286.052 171317
0.575 293.78 171082
0.585 300.505 170605
0.595 305.83 169681
0.605 309.475 168019
0.615 311.261 165246
0.625 311.088 160970
0.635 308.944 154906
0.645 304.963 147073
0.655 299.526 137964
0.665 293.329 128540
0.675 287.278 119946
0.685 282.184 113055
0.695 278.459 108168
0.705 276.052 105060
0.715 274.646 103253
0.725 273.885 102275
0.735 273.497 101775
0.745 273.308 101530
0.755 273.22 101416
0.765 273.18 101364
0.775 273.162 101341
0.785 273.155 101331
0.795 273.152 101328
0.805 273.151 101326
0.815 273.15 101325
0.825 273.15 101325
0.835 273.15 101325
0.845 273.15 101325
0.855 273.15 101325
0.865 273.15 101325
0.875 273.15 101325
0.885 273.15 101325
0.895 273.15 101325
0.905 273.15 101325
0.915 273.15 101325
0.925 273.15 101325
0.935 273.15 101325
0.945 273.15 101325
0.955 273.15 101325
0.965 273.15 101325
0.975 273.15 101325
0.985 273.15 101325
0.995 273.15 101325
