0.005 0 	0 	0 	
0.015 0 	0 	0 	
0.025 0 	0 	0 	
0.035 0 	0 	0 	
0.045 0 	0 	0 	
0.055 0 	0 	0 	
0.065 0 	0 	0 	
0.075 -2.93907e-15 	0 	0 	
0.085 -5.87815e-15 	0 	0 	
0.095 -2.93908e-15 	0 	0 	
0.105 2.93907e-15 	0 	0 	
0.115 5.87815e-15 	0 	0 	
0.125 5.87815e-15 	0 	0 	
0.135 2.93908e-15 	0 	0 	
0.145 -8.81725e-15 	-3.26305e-31 	0 	
0.155 -1.46954e-14 	0 	0 	
0.165 -8.81725e-15 	0 	0 	
0.175 -5.87815e-15 	0 	0 	
0.185 2.9391e-15 	0 	0 	
0.195 1.46954e-14 	0 	0 	
0.205 1.17563e-14 	0 	0 	
0.215 -2.9391e-15 	0 	0 	
0.225 -8.81728e-15 	0 	0 	
0.235 -2.9391e-15 	6.52609e-31 	0 	
0.245 -2.93907e-15 	0 	0 	
0.255 2.9391e-15 	0 	0 	
0.265 1.17563e-14 	0 	0 	
0.275 5.87818e-15 	0 	0 	
0.285 0 	0 	0 	
0.295 0 	0 	0 	
0.305 -2.93907e-15 	0 	0 	
0.315 -2.93908e-15 	0 	0 	
0.325 8.81725e-15 	0 	0 	
0.335 1.46954e-14 	0 	0 	
0.345 1.45857e-25 	0 	0 	
0.355 -1.17564e-14 	0 	0 	
0.365 -8.81725e-15 	0 	0 	
0.375 -5.87815e-15 	0 	0 	
0.385 -5.87815e-15 	0 	0 	
0.395 -5.87815e-15 	0 	0 	
0.405 2.9391e-15 	0 	0 	
0.415 6.8326e-07 	0 	0 	
0.425 3.37318e-05 	0 	0 	
0.435 0.000762319 	0 	0 	
0.445 0.0106983 	0 	0 	
0.455 0.104913 	0 	0 	
0.465 0.752618 	0 	0 	
0.475 4.05943 	0 	0 	
0.485 17.2783 	0 	0 	
0.495 45.3082 	0 	0 	
0.505 60.0321 	0 	0 	
0.515 38.6563 	0 	0 	
0.525 12.1666 	0 	0 	
0.535 2.4086 	0 	0 	
0.545 0.328051 	0 	0 	
0.555 0.0321876 	0 	0 	
0.565 0.00221408 	0 	0 	
0.575 9.50255e-05 	0 	0 	
0.585 1.87425e-06 	0 	0 	
0.595 4.40863e-15 	0 	0 	
0.605 -4.40863e-15 	0 	0 	
0.615 -4.40863e-15 	0 	0 	
0.625 1.95783e-30 	0 	0 	
0.635 -2.20431e-15 	0 	0 	
0.645 -2.20432e-15 	0 	0 	
0.655 4.40862e-15 	0 	0 	
0.665 1.09055e-25 	0 	0 	
0.675 -1.76345e-14 	0 	0 	
0.685 -1.32259e-14 	0 	0 	
0.695 1.10216e-14 	0 	0 	
0.705 1.98388e-14 	0 	0 	
0.715 1.10216e-14 	0 	0 	
0.725 2.20432e-15 	0 	0 	
0.735 0 	0 	0 	
0.745 0 	0 	0 	
0.755 -2.20431e-15 	0 	0 	
0.765 -2.20432e-15 	0 	0 	
0.775 2.20431e-15 	0 	0 	
0.785 -2.20431e-15 	0 	0 	
0.795 -8.81725e-15 	0 	0 	
0.805 -1.08855e-25 	0 	0 	
0.815 8.81725e-15 	-4.89455e-31 	0 	
0.825 4.40863e-15 	0 	0 	
0.835 0 	0 	0 	
0.845 0 	0 	0 	
0.855 -2.20431e-15 	0 	0 	
0.865 -6.61294e-15 	0 	0 	
0.875 -4.40863e-15 	0 	0 	
0.885 4.40863e-15 	0 	0 	
0.895 6.61295e-15 	0 	0 	
0.905 5.43285e-26 	0 	0 	
0.915 -1.10216e-14 	0 	0 	
0.925 -1.54302e-14 	0 	0 	
0.935 -2.20433e-15 	0 	0 	
0.945 1.32259e-14 	0 	0 	
0.955 1.32259e-14 	0 	0 	
0.965 4.40863e-15 	0 	0 	
0.975 0 	0 	0 	
0.985 0 	0 	0 	
0.995 0 	0 	0 	
