0.005 1.17563e-14 	0 	0 	
0.015 3.5269e-14 	0 	0 	
0.025 4.70254e-14 	0 	0 	
0.035 3.82081e-14 	0 	0 	
0.045 2.05736e-14 	0 	0 	
0.055 8.81723e-15 	0 	0 	
0.065 -5.87817e-15 	0 	0 	
0.075 -2.35127e-14 	0 	0 	
0.085 -1.17564e-14 	0 	0 	
0.095 2.93908e-14 	0 	0 	
0.105 5.58426e-14 	0 	0 	
0.115 4.99645e-14 	0 	0 	
0.125 1.46954e-14 	0 	0 	
0.135 -5.58426e-14 	0 	0 	
0.145 -1.20502e-13 	-1.79468e-30 	0 	
0.155 -1.2932e-13 	0 	0 	
0.165 -1.05807e-13 	0 	0 	
0.175 -7.34772e-14 	0 	0 	
0.185 -2.35127e-14 	0 	0 	
0.195 2.05736e-14 	0 	0 	
0.205 3.82081e-14 	0 	0 	
0.215 3.5269e-14 	0 	0 	
0.225 4.40863e-14 	0 	0 	
0.235 1.14624e-13 	3.58935e-30 	0 	
0.245 6.87747e-13 	0 	0 	
0.255 6.22793e-12 	0 	0 	
0.265 5.44348e-11 	0 	0 	
0.275 4.42532e-10 	0 	0 	
0.285 3.35174e-09 	0 	0 	
0.295 2.36594e-08 	0 	0 	
0.305 1.55638e-07 	0 	0 	
0.315 9.53797e-07 	0 	0 	
0.325 5.4417e-06 	0 	0 	
0.335 2.88744e-05 	0 	0 	
0.345 0.000142297 	0 	0 	
0.355 0.00065015 	0 	0 	
0.365 0.00274799 	0 	0 	
0.375 0.0107163 	0 	0 	
0.385 0.0384366 	0 	0 	
0.395 0.126351 	0 	0 	
0.405 0.379266 	0 	0 	
0.415 1.03601 	0 	0 	
0.425 2.56929 	0 	0 	
0.435 5.78132 	0 	0 	
0.445 11.8228 	0 	0 	
0.455 22.0528 	0 	0 	
0.465 37.6796 	0 	0 	
0.475 59.0956 	0 	0 	
0.485 84.6775 	0 	0 	
0.495 108.997 	0 	0 	
0.505 123.643 	0 	0 	
0.515 124.94 	0 	0 	
0.525 116.058 	0 	0 	
0.535 99.1666 	0 	0 	
0.545 75.4437 	0 	0 	
0.555 49.4629 	0 	0 	
0.565 27.3696 	0 	0 	
0.575 12.7588 	0 	0 	
0.585 5.10062 	0 	0 	
0.595 1.79658 	0 	0 	
0.605 0.5704 	0 	0 	
0.615 0.165518 	0 	0 	
0.625 0.0442234 	0 	0 	
0.635 0.0109238 	0 	0 	
0.645 0.00250123 	0 	0 	
0.655 0.000531895 	0 	0 	
0.665 0.00010521 	0 	0 	
0.675 1.9381e-05 	0 	0 	
0.685 3.32799e-06 	0 	0 	
0.695 5.33043e-07 	0 	0 	
0.705 7.96679e-08 	0 	0 	
0.715 1.1112e-08 	0 	0 	
0.725 1.44621e-09 	0 	0 	
0.735 1.75576e-10 	0 	0 	
0.745 1.98763e-11 	0 	0 	
0.755 2.09189e-12 	0 	0 	
0.765 2.02797e-13 	0 	0 	
0.775 1.98388e-14 	0 	0 	
0.785 -2.20431e-15 	0 	0 	
0.795 -8.81725e-15 	0 	0 	
0.805 2.20432e-15 	0 	0 	
0.815 1.32259e-14 	-2.692e-30 	0 	
0.825 6.61295e-15 	0 	0 	
0.835 0 	0 	0 	
0.845 -2.20431e-15 	0 	0 	
0.855 -1.32259e-14 	0 	0 	
0.865 -2.42474e-14 	0 	0 	
0.875 -1.32259e-14 	0 	0 	
0.885 1.32259e-14 	0 	0 	
0.895 2.20431e-14 	0 	0 	
0.905 -2.20432e-15 	0 	0 	
0.915 -2.86561e-14 	0 	0 	
0.925 -2.64518e-14 	0 	0 	
0.935 -2.20433e-15 	0 	0 	
0.945 2.20431e-14 	0 	0 	
0.955 1.98388e-14 	0 	0 	
0.965 6.61295e-15 	0 	0 	
0.975 1.10216e-14 	0 	0 	
0.985 1.32259e-14 	0 	0 	
0.995 4.40863e-15 	0 	0 	
