0.005 273.15 303975
0.015 273.15 303975
0.025 273.15 303975
0.035 273.15 303975
0.045 273.15 303975
0.055 273.15 303975
0.065 273.15 303975
0.075 273.15 303975
0.085 273.15 303975
0.095 273.15 303975
0.105 273.15 303975
0.115 273.15 303975
0.125 273.15 303975
0.135 273.15 303975
0.145 273.15 303975
0.155 273.15 303975
0.165 273.15 303975
0.175 273.15 303975
0.185 273.15 303975
0.195 273.15 303975
0.205 273.15 303975
0.215 273.15 303975
0.225 273.15 303975
0.235 273.15 303975
0.245 273.15 303974
0.255 273.149 303971
0.265 273.147 303965
0.275 273.144 303950
0.285 273.135 303916
0.295 273.116 303842
0.305 273.077 303692
0.315 273.002 303398
0.325 272.863 302856
0.335 272.619 301908
0.345 272.216 300340
0.355 271.584 297889
0.365 270.645 294265
0.375 269.321 289187
0.385 267.541 282424
0.395 265.248 273835
0.405 262.417 263422
0.415 259.064 251388
0.425 255.265 238150
0.435 251.167 224360
0.445 247.02 210907
0.455 243.195 198824
0.465 240.167 189013
0.475 238.433 181876
0.485 238.407 177199
0.495 240.325 174391
0.505 244.125 172823
0.515 249.89 171990
0.525 257.977 171551
0.535 268.134 171315
0.545 279.342 171128
0.555 290.313 170815
0.565 299.794 170160
0.575 306.866 168849
0.585 311.032 166452
0.595 312.173 162470
0.605 310.454 156491
0.615 306.279 148443
0.625 300.308 138838
0.635 293.501 128794
0.645 286.987 119674
0.655 281.677 112496
0.665 277.944 107565
0.675 275.642 104560
0.685 274.365 102901
0.695 273.712 102053
0.705 273.398 101646
0.715 273.255 101461
0.725 273.193 101380
0.735 273.167 101346
0.745 273.156 101333
0.755 273.153 101328
0.765 273.151 101326
0.775 273.15 101325
0.785 273.15 101325
0.795 273.15 101325
0.805 273.15 101325
0.815 273.15 101325
0.825 273.15 101325
0.835 273.15 101325
0.845 273.15 101325
0.855 273.15 101325
0.865 273.15 101325
0.875 273.15 101325
0.885 273.15 101325
0.895 273.15 101325
0.905 273.15 101325
0.915 273.15 101325
0.925 273.15 101325
0.935 273.15 101325
0.945 273.15 101325
0.955 273.15 101325
0.965 273.15 101325
0.975 273.15 101325
0.985 273.15 101325
0.995 273.15 101325
