0.005 273.15 303975
0.015 273.15 303975
0.025 273.15 303975
0.035 273.15 303975
0.045 273.15 303975
0.055 273.15 303975
0.065 273.15 303975
0.075 273.15 303975
0.085 273.15 303975
0.095 273.15 303975
0.105 273.15 303975
0.115 273.15 303975
0.125 273.15 303975
0.135 273.15 303975
0.145 273.15 303975
0.155 273.15 303975
0.165 273.15 303975
0.175 273.15 303975
0.185 273.15 303975
0.195 273.15 303975
0.205 273.15 303975
0.215 273.15 303975
0.225 273.15 303975
0.235 273.15 303975
0.245 273.15 303975
0.255 273.15 303975
0.265 273.15 303975
0.275 273.15 303975
0.285 273.15 303975
0.295 273.15 303975
0.305 273.15 303975
0.315 273.15 303975
0.325 273.15 303975
0.335 273.15 303975
0.345 273.15 303975
0.355 273.15 303975
0.365 273.145 303954
0.375 272.56 301688
0.385 270.153 292542
0.395 265.569 275646
0.405 259.727 255062
0.415 253.483 234266
0.425 247.275 214781
0.435 241.542 197785
0.445 236.855 184575
0.455 233.843 176339
0.465 232.488 172744
0.475 232.043 171632
0.485 231.999 171295
0.495 232.059 171209
0.505 232.104 171249
0.515 232.959 171451
0.525 238.178 171778
0.535 253.36 171984
0.545 278.418 171971
0.555 303.006 171783
0.565 316.416 171381
0.575 319.45 171065
0.585 319.281 171122
0.595 319.015 171155
0.605 318.866 171199
0.615 318.397 170458
0.625 314.795 164028
0.635 304.031 146193
0.645 288.092 121978
0.655 276.576 105806
0.665 273.248 101451
0.675 273.15 101325
0.685 273.15 101325
0.695 273.15 101325
0.705 273.15 101325
0.715 273.15 101325
0.725 273.15 101325
0.735 273.15 101325
0.745 273.15 101325
0.755 273.15 101325
0.765 273.15 101325
0.775 273.15 101325
0.785 273.15 101325
0.795 273.15 101325
0.805 273.15 101325
0.815 273.15 101325
0.825 273.15 101325
0.835 273.15 101325
0.845 273.15 101325
0.855 273.15 101325
0.865 273.15 101325
0.875 273.15 101325
0.885 273.15 101325
0.895 273.15 101325
0.905 273.15 101325
0.915 273.15 101325
0.925 273.15 101325
0.935 273.15 101325
0.945 273.15 101325
0.955 273.15 101325
0.965 273.15 101325
0.975 273.15 101325
0.985 273.15 101325
0.995 273.15 101325
