0.005 3.62634e-14 	0 	0 	
0.015 7.64163e-14 	0 	0 	
0.025 8.52335e-14 	0 	0 	
0.035 7.34772e-14 	0 	0 	
0.045 7.05381e-14 	0 	0 	
0.055 6.46599e-14 	0 	0 	
0.065 3.82081e-14 	0 	0 	
0.075 -1.46954e-14 	0 	0 	
0.085 -5.29036e-14 	0 	0 	
0.095 -4.99645e-14 	0 	0 	
0.105 -3.82081e-14 	0 	0 	
0.115 -3.23299e-14 	0 	0 	
0.125 -2.93908e-14 	0 	0 	
0.135 -4.99644e-14 	0 	0 	
0.145 -8.81725e-14 	-5.87348e-30 	0 	
0.155 -1.05807e-13 	0 	0 	
0.165 -1.17563e-13 	0 	0 	
0.175 -1.44015e-13 	0 	0 	
0.185 -1.44015e-13 	0 	0 	
0.195 -1.02868e-13 	0 	0 	
0.205 -6.17208e-14 	0 	0 	
0.215 -3.82081e-14 	0 	0 	
0.225 -8.81725e-15 	0 	0 	
0.235 3.82081e-14 	1.1747e-29 	0 	
0.245 7.64162e-14 	0 	0 	
0.255 1.05807e-13 	0 	0 	
0.265 1.41076e-13 	0 	0 	
0.275 1.38137e-13 	0 	0 	
0.285 9.11117e-14 	0 	0 	
0.295 6.7599e-14 	0 	0 	
0.305 6.46599e-14 	0 	0 	
0.315 5.29035e-14 	0 	0 	
0.325 3.5269e-14 	0 	0 	
0.335 -2.05735e-14 	0 	0 	
0.345 -9.69896e-14 	0 	0 	
0.355 0.0222157 	0 	0 	
0.365 1.71755 	0 	0 	
0.375 8.6345 	0 	0 	
0.385 21.804 	0 	0 	
0.395 38.6808 	0 	0 	
0.405 56.9414 	0 	0 	
0.415 75.4891 	0 	0 	
0.425 93.3141 	0 	0 	
0.435 108.976 	0 	0 	
0.445 120.597 	0 	0 	
0.455 127.171 	0 	0 	
0.465 129.881 	0 	0 	
0.475 130.651 	0 	0 	
0.485 130.537 	0 	0 	
0.495 130.12 	0 	0 	
0.505 129.803 	0 	0 	
0.515 129.724 	0 	0 	
0.525 129.9 	0 	0 	
0.535 130.28 	0 	0 	
0.545 130.604 	0 	0 	
0.555 130.707 	0 	0 	
0.565 130.58 	0 	0 	
0.575 130.142 	-3.38189e-30 	0 	
0.585 129.693 	-2.70963e-30 	0 	
0.595 129.534 	0 	0 	
0.605 129.383 	0 	0 	
0.615 129.542 	0 	0 	
0.625 128.993 	0 	0 	
0.635 121.978 	0 	0 	
0.645 97.6291 	0 	0 	
0.655 54.3208 	0 	0 	
0.665 15.9678 	0 	0 	
0.675 1.37074 	0 	0 	
0.685 3.30647e-14 	0 	0 	
0.695 5.73122e-14 	0 	0 	
0.705 7.49467e-14 	0 	0 	
0.715 9.03769e-14 	0 	0 	
0.725 9.47855e-14 	0 	0 	
0.735 8.15596e-14 	0 	0 	
0.745 4.62906e-14 	0 	0 	
0.755 2.20433e-15 	0 	0 	
0.765 -1.10216e-14 	0 	0 	
0.775 4.40863e-15 	0 	0 	
0.785 1.76345e-14 	0 	0 	
0.795 2.86561e-14 	0 	0 	
0.805 4.62906e-14 	0 	0 	
0.815 5.51079e-14 	-8.81022e-30 	0 	
0.825 3.74733e-14 	0 	0 	
0.835 1.54302e-14 	0 	0 	
0.845 2.42475e-14 	0 	0 	
0.855 5.73122e-14 	0 	0 	
0.865 6.17208e-14 	0 	0 	
0.875 8.81725e-15 	0 	0 	
0.885 -5.29035e-14 	0 	0 	
0.895 -6.61295e-14 	0 	0 	
0.905 -5.73122e-14 	0 	0 	
0.915 -6.17208e-14 	0 	0 	
0.925 -4.62906e-14 	0 	0 	
0.935 6.61295e-15 	0 	0 	
0.945 5.73122e-14 	0 	0 	
0.955 6.17208e-14 	0 	0 	
0.965 2.64518e-14 	0 	0 	
0.975 -4.99995e-21 	0 	0 	
0.985 -2.20432e-15 	0 	0 	
0.995 -2.44728e-31 	0 	0 	
