0.005 273.15 303975
0.015 273.15 303975
0.025 273.15 303975
0.035 273.15 303975
0.045 273.15 303975
0.055 273.15 303975
0.065 273.15 303975
0.075 273.15 303975
0.085 273.15 303975
0.095 273.15 303975
0.105 273.15 303975
0.115 273.15 303975
0.125 273.15 303975
0.135 273.15 303975
0.145 273.15 303975
0.155 273.15 303975
0.165 273.15 303975
0.175 273.15 303975
0.185 273.15 303975
0.195 273.15 303975
0.205 273.15 303975
0.215 273.15 303975
0.225 273.15 303975
0.235 273.15 303975
0.245 273.15 303975
0.255 273.15 303975
0.265 273.15 303975
0.275 273.15 303975
0.285 273.15 303975
0.295 273.15 303975
0.305 273.15 303975
0.315 273.15 303975
0.325 273.15 303975
0.335 273.15 303975
0.345 273.15 303975
0.355 273.143 303947
0.365 272.587 301794
0.375 270.33 293201
0.385 266.052 277377
0.395 260.61 258073
0.405 254.778 238448
0.415 248.918 219803
0.425 243.349 203030
0.435 238.513 189174
0.445 234.912 179294
0.455 232.88 173810
0.465 232.155 171835
0.475 232.025 171572
0.485 232.097 171654
0.495 232.167 171574
0.505 232.129 171357
0.515 232.458 171248
0.525 235.375 171363
0.535 246.083 171637
0.545 267.704 171890
0.555 293.943 171938
0.565 312.626 171820
0.575 319.113 171625
0.585 319.447 171264
0.595 319.038 170978
0.605 318.951 171236
0.615 318.92 171400
0.625 318.428 170557
0.635 316.086 166292
0.645 307.626 151991
0.655 292.241 128103
0.665 278.72 108728
0.675 273.617 101914
0.685 273.15 101325
0.695 273.15 101325
0.705 273.15 101325
0.715 273.15 101325
0.725 273.15 101325
0.735 273.15 101325
0.745 273.15 101325
0.755 273.15 101325
0.765 273.15 101325
0.775 273.15 101325
0.785 273.15 101325
0.795 273.15 101325
0.805 273.15 101325
0.815 273.15 101325
0.825 273.15 101325
0.835 273.15 101325
0.845 273.15 101325
0.855 273.15 101325
0.865 273.15 101325
0.875 273.15 101325
0.885 273.15 101325
0.895 273.15 101325
0.905 273.15 101325
0.915 273.15 101325
0.925 273.15 101325
0.935 273.15 101325
0.945 273.15 101325
0.955 273.15 101325
0.965 273.15 101325
0.975 273.15 101325
0.985 273.15 101325
0.995 273.15 101325
