0.005 273.15 303975
0.015 273.15 303975
0.025 273.15 303975
0.035 273.15 303975
0.045 273.15 303975
0.055 273.15 303975
0.065 273.15 303975
0.075 273.15 303975
0.085 273.15 303975
0.095 273.15 303975
0.105 273.15 303975
0.115 273.15 303975
0.125 273.15 303975
0.135 273.15 303975
0.145 273.15 303975
0.155 273.15 303975
0.165 273.15 303975
0.175 273.15 303975
0.185 273.15 303975
0.195 273.15 303975
0.205 273.15 303975
0.215 273.15 303975
0.225 273.15 303975
0.235 273.15 303974
0.245 273.149 303972
0.255 273.148 303968
0.265 273.145 303956
0.275 273.138 303929
0.285 273.123 303871
0.295 273.092 303748
0.305 273.03 303505
0.315 272.912 303047
0.325 272.702 302226
0.335 272.346 300836
0.345 271.777 298617
0.355 270.918 295279
0.365 269.697 290548
0.375 268.054 284233
0.385 265.964 276282
0.395 263.44 266821
0.405 260.542 256149
0.415 257.372 244700
0.425 254.068 232980
0.435 250.797 221505
0.445 247.752 210748
0.455 245.152 201097
0.465 243.238 192831
0.475 242.275 186102
0.485 242.533 180928
0.495 244.263 177196
0.505 247.649 174692
0.515 252.758 173139
0.525 259.484 172249
0.535 267.519 171763
0.545 276.348 171461
0.555 285.302 171140
0.565 293.642 170580
0.575 300.662 169490
0.585 305.776 167482
0.595 308.569 164090
0.605 308.815 158872
0.615 306.521 151616
0.625 302.009 142589
0.635 295.998 132665
0.645 289.556 123130
0.655 283.787 115170
0.665 279.403 109377
0.675 276.524 105657
0.685 274.847 103507
0.695 273.957 102366
0.705 273.516 101799
0.715 273.309 101532
0.725 273.217 101412
0.735 273.177 101360
0.745 273.16 101339
0.755 273.154 101330
0.765 273.151 101327
0.775 273.15 101325
0.785 273.15 101325
0.795 273.15 101325
0.805 273.15 101325
0.815 273.15 101325
0.825 273.15 101325
0.835 273.15 101325
0.845 273.15 101325
0.855 273.15 101325
0.865 273.15 101325
0.875 273.15 101325
0.885 273.15 101325
0.895 273.15 101325
0.905 273.15 101325
0.915 273.15 101325
0.925 273.15 101325
0.935 273.15 101325
0.945 273.15 101325
0.955 273.15 101325
0.965 273.15 101325
0.975 273.15 101325
0.985 273.15 101325
0.995 273.15 101325
