0.005 2.79433e-14 	0 	0 	
0.015 4.70253e-14 	0 	0 	
0.025 7.64162e-14 	0 	0 	
0.035 9.40507e-14 	0 	0 	
0.045 9.11117e-14 	0 	0 	
0.055 9.40507e-14 	0 	0 	
0.065 2.557e-13 	0 	0 	
0.075 1.24617e-12 	0 	0 	
0.085 5.77531e-12 	0 	0 	
0.095 2.53937e-11 	0 	0 	
0.105 1.07982e-10 	0 	0 	
0.115 4.45459e-10 	0 	0 	
0.125 1.78305e-09 	0 	0 	
0.135 6.9232e-09 	0 	0 	
0.145 2.60656e-08 	-8.15761e-31 	0 	
0.155 9.51101e-08 	3.26303e-31 	0 	
0.165 3.36158e-07 	0 	0 	
0.175 1.15017e-06 	0 	0 	
0.185 3.80716e-06 	0 	0 	
0.195 1.21834e-05 	0 	0 	
0.205 3.76651e-05 	0 	0 	
0.215 0.000112402 	0 	0 	
0.225 0.00032352 	3.26305e-31 	0 	
0.235 0.000897274 	1.63152e-30 	0 	
0.245 0.00239563 	6.52611e-31 	0 	
0.255 0.00615076 	0 	0 	
0.265 0.0151691 	0 	0 	
0.275 0.0358918 	0 	0 	
0.285 0.0813734 	0 	0 	
0.295 0.176546 	0 	0 	
0.305 0.366065 	0 	0 	
0.315 0.724513 	0 	0 	
0.325 1.36727 	0 	0 	
0.335 2.45831 	0 	0 	
0.345 4.20946 	0 	0 	
0.355 6.86563 	0 	0 	
0.365 10.6739 	0 	0 	
0.375 15.8403 	0 	0 	
0.385 22.4839 	0 	0 	
0.395 30.602 	0 	0 	
0.405 40.0544 	0 	0 	
0.415 50.5702 	0 	0 	
0.425 61.7721 	0 	0 	
0.435 73.2098 	0 	0 	
0.445 84.3984 	0 	0 	
0.455 94.8603 	0 	0 	
0.465 104.172 	0 	0 	
0.475 112.017 	0 	0 	
0.485 118.231 	0 	0 	
0.495 122.824 	0 	0 	
0.505 125.971 	0 	0 	
0.515 127.953 	0 	0 	
0.525 129.087 	0 	0 	
0.535 129.649 	0 	0 	
0.545 129.811 	0 	0 	
0.555 129.604 	0 	0 	
0.565 128.883 	0 	0 	
0.575 127.297 	-9.66531e-31 	0 	
0.585 124.274 	-3.31444e-31 	0 	
0.595 119.043 	0 	0 	
0.605 110.768 	0 	0 	
0.615 98.8317 	0 	0 	
0.625 83.2736 	0 	0 	
0.635 65.2087 	0 	0 	
0.645 46.8123 	0 	0 	
0.655 30.5741 	0 	0 	
0.665 18.183 	0 	0 	
0.675 9.93411 	0 	0 	
0.685 5.05137 	0 	0 	
0.695 2.421 	0 	0 	
0.705 1.10413 	0 	0 	
0.715 0.482082 	0 	0 	
0.725 0.202226 	0 	0 	
0.735 0.0816654 	0 	0 	
0.745 0.0317871 	0 	0 	
0.755 0.0119352 	0 	0 	
0.765 0.00432571 	0 	0 	
0.775 0.00151423 	0 	0 	
0.785 0.000512238 	0 	0 	
0.795 0.000167546 	0 	0 	
0.805 5.30168e-05 	-2.44728e-31 	0 	
0.815 1.62381e-05 	-1.95783e-30 	0 	
0.825 4.81633e-06 	0 	0 	
0.835 1.38412e-06 	0 	0 	
0.845 3.85574e-07 	0 	0 	
0.855 1.04164e-07 	0 	0 	
0.865 2.73014e-08 	0 	0 	
0.875 6.9453e-09 	0 	0 	
0.885 1.71553e-09 	0 	0 	
0.895 4.11539e-10 	0 	0 	
0.905 9.58966e-11 	0 	0 	
0.915 2.17213e-11 	0 	0 	
0.925 4.78337e-12 	0 	0 	
0.935 1.02941e-12 	0 	0 	
0.945 2.4027e-13 	0 	0 	
0.955 7.71511e-14 	0 	0 	
0.965 2.86561e-14 	0 	0 	
0.975 6.61295e-15 	0 	0 	
0.985 0 	0 	0 	
0.995 0 	0 	0 	
