0.005 1.86289e-14 	0 	0 	
0.015 2.35127e-14 	0 	0 	
0.025 2.93909e-14 	0 	0 	
0.035 3.5269e-14 	0 	0 	
0.045 2.93909e-14 	0 	0 	
0.055 2.93909e-14 	0 	0 	
0.065 3.233e-14 	0 	0 	
0.075 2.93908e-15 	0 	0 	
0.085 -1.76345e-14 	0 	0 	
0.095 1.46954e-14 	0 	0 	
0.105 4.11472e-14 	0 	0 	
0.115 2.35127e-14 	0 	0 	
0.125 -2.35127e-14 	0 	0 	
0.135 -7.64161e-14 	0 	0 	
0.145 -1.14624e-13 	-2.61043e-30 	0 	
0.155 -1.46954e-13 	0 	0 	
0.165 -1.76345e-13 	0 	0 	
0.175 -1.64589e-13 	0 	0 	
0.185 -8.81727e-14 	0 	0 	
0.195 1.17563e-14 	0 	0 	
0.205 6.46599e-14 	0 	0 	
0.215 5.29036e-14 	0 	0 	
0.225 3.82081e-14 	0 	0 	
0.235 4.40863e-14 	5.22087e-30 	0 	
0.245 3.5269e-14 	0 	0 	
0.255 2.05736e-14 	0 	0 	
0.265 2.64518e-14 	0 	0 	
0.275 4.70254e-14 	0 	0 	
0.285 7.34771e-14 	0 	0 	
0.295 9.99288e-14 	0 	0 	
0.305 1.02868e-13 	0 	0 	
0.315 7.34771e-14 	0 	0 	
0.325 4.11472e-14 	0 	0 	
0.335 2.35127e-14 	0 	0 	
0.345 -2.9391e-15 	0 	0 	
0.355 -4.70254e-14 	0 	0 	
0.365 -8.22944e-14 	0 	0 	
0.375 -1.02868e-13 	0 	0 	
0.385 -1.11685e-13 	0 	0 	
0.395 -1.11685e-13 	0 	0 	
0.405 -8.81723e-14 	0 	0 	
0.415 -3.23298e-14 	0 	0 	
0.425 0.316475 	0 	0 	
0.435 5.09592 	0 	0 	
0.445 20.9579 	0 	0 	
0.455 47.8472 	0 	0 	
0.465 79.0431 	0 	0 	
0.475 107.16 	0 	0 	
0.485 124.774 	0 	0 	
0.495 129.798 	0 	0 	
0.505 129.351 	0 	0 	
0.515 129.738 	0 	0 	
0.525 130.625 	0 	0 	
0.535 131.214 	0 	0 	
0.545 129.658 	0 	0 	
0.555 116.266 	0 	0 	
0.565 80.6237 	0 	0 	
0.575 34.7556 	-2.2667e-31 	0 	
0.585 6.52395 	0 	0 	
0.595 -6.83338e-14 	0 	0 	
0.605 -3.74733e-14 	0 	0 	
0.615 -2.86561e-14 	0 	0 	
0.625 -5.51079e-14 	0 	0 	
0.635 -6.17208e-14 	0 	0 	
0.645 -1.98388e-14 	0 	0 	
0.655 2.20434e-15 	0 	0 	
0.665 -1.32259e-14 	0 	0 	
0.675 -1.10216e-14 	0 	0 	
0.685 1.76345e-14 	0 	0 	
0.695 5.06992e-14 	0 	0 	
0.705 4.62906e-14 	0 	0 	
0.715 2.42475e-14 	0 	0 	
0.725 5.51078e-14 	0 	0 	
0.735 8.15595e-14 	0 	0 	
0.745 4.62905e-14 	0 	0 	
0.755 2.2043e-15 	0 	0 	
0.765 -1.98388e-14 	0 	0 	
0.775 -2.42475e-14 	0 	0 	
0.785 -2.42474e-14 	0 	0 	
0.795 -1.98388e-14 	0 	0 	
0.805 6.61295e-15 	0 	0 	
0.815 3.08604e-14 	-3.91565e-30 	0 	
0.825 2.64518e-14 	0 	0 	
0.835 1.32259e-14 	0 	0 	
0.845 1.10216e-14 	0 	0 	
0.855 1.76345e-14 	0 	0 	
0.865 1.54302e-14 	0 	0 	
0.875 -6.61293e-15 	0 	0 	
0.885 -1.98388e-14 	0 	0 	
0.895 -1.32259e-14 	0 	0 	
0.905 -2.64518e-14 	0 	0 	
0.915 -5.29036e-14 	0 	0 	
0.925 -4.40863e-14 	0 	0 	
0.935 2.2043e-15 	0 	0 	
0.945 5.06992e-14 	0 	0 	
0.955 5.95165e-14 	0 	0 	
0.965 2.64518e-14 	0 	0 	
0.975 -4.99995e-21 	0 	0 	
0.985 -2.20432e-15 	0 	0 	
0.995 -2.44728e-31 	0 	0 	
