0.005 273.15 303975
0.015 273.15 303975
0.025 273.15 303975
0.035 273.15 303975
0.045 273.15 303975
0.055 273.15 303975
0.065 273.15 303975
0.075 273.15 303975
0.085 273.15 303975
0.095 273.15 303975
0.105 273.15 303975
0.115 273.15 303975
0.125 273.15 303975
0.135 273.15 303975
0.145 273.15 303975
0.155 273.15 303975
0.165 273.15 303975
0.175 273.15 303975
0.185 273.15 303975
0.195 273.15 303975
0.205 273.15 303975
0.215 273.15 303975
0.225 273.15 303975
0.235 273.15 303975
0.245 273.15 303975
0.255 273.15 303975
0.265 273.15 303975
0.275 273.15 303975
0.285 273.15 303975
0.295 273.15 303975
0.305 273.15 303975
0.315 273.15 303974
0.325 273.149 303970
0.335 273.146 303958
0.345 273.137 303925
0.355 273.116 303841
0.365 273.063 303638
0.375 272.946 303179
0.385 272.7 302223
0.395 272.228 300384
0.405 271.39 297124
0.415 270.014 291802
0.425 267.927 283792
0.435 264.982 272658
0.445 261.107 258332
0.455 256.337 241264
0.465 250.867 222530
0.475 245.237 203939
0.485 239.875 188005
0.495 237.363 177237
0.505 243.36 172269
0.515 259.526 170878
0.525 280.402 170138
0.535 298.372 168456
0.545 308.632 164936
0.555 310.829 158746
0.565 307.171 149582
0.575 300.183 138219
0.585 292.084 126505
0.595 284.766 116511
0.605 279.401 109428
0.615 276.142 105195
0.625 274.45 103008
0.635 273.672 102002
0.645 273.346 101579
0.655 273.219 101415
0.665 273.173 101355
0.675 273.157 101335
0.685 273.152 101328
0.695 273.15 101326
0.705 273.15 101325
0.715 273.15 101325
0.725 273.15 101325
0.735 273.15 101325
0.745 273.15 101325
0.755 273.15 101325
0.765 273.15 101325
0.775 273.15 101325
0.785 273.15 101325
0.795 273.15 101325
0.805 273.15 101325
0.815 273.15 101325
0.825 273.15 101325
0.835 273.15 101325
0.845 273.15 101325
0.855 273.15 101325
0.865 273.15 101325
0.875 273.15 101325
0.885 273.15 101325
0.895 273.15 101325
0.905 273.15 101325
0.915 273.15 101325
0.925 273.15 101325
0.935 273.15 101325
0.945 273.15 101325
0.955 273.15 101325
0.965 273.15 101325
0.975 273.15 101325
0.985 273.15 101325
0.995 273.15 101325
