0.005 2.15679e-14 	0 	0 	
0.015 4.11472e-14 	0 	0 	
0.025 7.0538e-14 	0 	0 	
0.035 8.22944e-14 	0 	0 	
0.045 4.99645e-14 	0 	0 	
0.055 2.35127e-14 	0 	0 	
0.065 2.05736e-14 	0 	0 	
0.075 2.50002e-20 	0 	0 	
0.085 -1.17564e-14 	0 	0 	
0.095 8.81722e-15 	0 	0 	
0.105 2.05736e-14 	0 	0 	
0.115 2.93908e-15 	0 	0 	
0.125 -2.64518e-14 	0 	0 	
0.135 -9.40508e-14 	0 	0 	
0.145 -1.70467e-13 	-2.93674e-30 	0 	
0.155 -1.67528e-13 	0 	0 	
0.165 -7.64163e-14 	0 	0 	
0.175 3.79141e-13 	0 	0 	
0.185 3.12131e-12 	0 	0 	
0.195 1.94039e-11 	0 	0 	
0.205 1.13325e-10 	0 	0 	
0.215 6.33193e-10 	0 	0 	
0.225 3.38219e-09 	0 	0 	
0.235 1.72551e-08 	6.19977e-30 	0 	
0.245 8.40223e-08 	0 	0 	
0.255 3.90218e-07 	0 	0 	
0.265 1.72695e-06 	0 	0 	
0.275 7.27595e-06 	0 	0 	
0.285 2.91513e-05 	0 	0 	
0.295 0.000110929 	0 	0 	
0.305 0.000400349 	0 	0 	
0.315 0.00136822 	0 	0 	
0.325 0.00442014 	0 	0 	
0.335 0.0134717 	0 	0 	
0.345 0.0386538 	0 	0 	
0.355 0.104171 	0 	0 	
0.365 0.263076 	0 	0 	
0.375 0.621217 	0 	0 	
0.385 1.36925 	0 	0 	
0.395 2.81443 	0 	0 	
0.405 5.39583 	0 	0 	
0.415 9.66418 	0 	0 	
0.425 16.2167 	0 	0 	
0.435 25.5937 	0 	0 	
0.445 38.1512 	0 	0 	
0.455 53.9087 	0 	0 	
0.465 72.3237 	0 	0 	
0.475 91.9208 	0 	0 	
0.485 109.887 	0 	0 	
0.495 122.662 	0 	0 	
0.505 128.607 	0 	0 	
0.515 129.716 	0 	0 	
0.525 128.753 	0 	0 	
0.535 126.155 	0 	0 	
0.545 120.663 	0 	0 	
0.555 110.748 	0 	0 	
0.565 95.4592 	0 	0 	
0.575 75.426 	-1.57746e-30 	0 	
0.585 53.3945 	0 	0 	
0.595 33.3283 	0 	0 	
0.605 18.2747 	0 	0 	
0.615 8.88783 	0 	0 	
0.625 3.90359 	0 	0 	
0.635 1.57667 	0 	0 	
0.645 0.593417 	0 	0 	
0.655 0.209778 	0 	0 	
0.665 0.0699634 	0 	0 	
0.675 0.0220715 	0 	0 	
0.685 0.00659798 	0 	0 	
0.695 0.0018716 	0 	0 	
0.705 0.000504387 	0 	0 	
0.715 0.000129281 	0 	0 	
0.725 3.15471e-05 	0 	0 	
0.735 7.33555e-06 	0 	0 	
0.745 1.62672e-06 	0 	0 	
0.755 3.44287e-07 	0 	0 	
0.765 6.959e-08 	0 	0 	
0.775 1.34413e-08 	0 	0 	
0.785 2.48211e-09 	0 	0 	
0.795 4.3837e-10 	0 	0 	
0.805 7.40739e-11 	0 	0 	
0.815 1.20025e-11 	-4.89455e-30 	0 	
0.825 1.87808e-12 	0 	0 	
0.835 2.95378e-13 	0 	0 	
0.845 5.51078e-14 	0 	0 	
0.855 8.81725e-15 	0 	0 	
0.865 -8.81725e-15 	0 	0 	
0.875 -1.10216e-14 	0 	0 	
0.885 6.61296e-15 	0 	0 	
0.895 1.10216e-14 	0 	0 	
0.905 5.43285e-26 	0 	0 	
0.915 -1.54302e-14 	0 	0 	
0.925 -2.42475e-14 	0 	0 	
0.935 -2.71409e-25 	0 	0 	
0.945 2.42475e-14 	0 	0 	
0.955 1.54302e-14 	0 	0 	
0.965 2.20432e-15 	0 	0 	
0.975 0 	0 	0 	
0.985 0 	0 	0 	
0.995 0 	0 	0 	
