0.005 4.95112e-14 	0 	0 	
0.015 8.22945e-14 	0 	0 	
0.025 1.26381e-13 	0 	0 	
0.035 1.96919e-13 	0 	0 	
0.045 4.49681e-13 	0 	0 	
0.055 1.62826e-12 	0 	0 	
0.065 6.70994e-12 	0 	0 	
0.075 2.76509e-11 	0 	0 	
0.085 1.11312e-10 	0 	0 	
0.095 4.35834e-10 	0 	0 	
0.105 1.65895e-09 	0 	0 	
0.115 6.13708e-09 	0 	0 	
0.125 2.20559e-08 	0 	0 	
0.135 7.69694e-08 	0 	0 	
0.145 2.60689e-07 	-6.03663e-30 	0 	
0.155 8.56451e-07 	0 	0 	
0.165 2.72775e-06 	0 	0 	
0.175 8.41703e-06 	0 	0 	
0.185 2.51464e-05 	0 	0 	
0.195 7.2685e-05 	0 	0 	
0.205 0.000203114 	0 	0 	
0.215 0.000548289 	0 	0 	
0.225 0.00142849 	0 	0 	
0.235 0.00358873 	1.10944e-29 	0 	
0.245 0.00868513 	0 	0 	
0.255 0.0202272 	0 	0 	
0.265 0.0452848 	0 	0 	
0.275 0.0973532 	0 	0 	
0.285 0.200754 	0 	0 	
0.295 0.396704 	0 	0 	
0.305 0.750587 	0 	0 	
0.315 1.35904 	0 	0 	
0.325 2.35445 	0 	0 	
0.335 3.90407 	0 	0 	
0.345 6.20148 	0 	0 	
0.355 9.45026 	0 	0 	
0.365 13.842 	0 	0 	
0.375 19.5329 	0 	0 	
0.385 26.6228 	0 	0 	
0.395 35.1389 	0 	0 	
0.405 45.0237 	0 	0 	
0.415 56.1234 	0 	0 	
0.425 68.1713 	0 	0 	
0.435 80.7617 	0 	0 	
0.445 93.3166 	0 	0 	
0.455 105.066 	0 	0 	
0.465 115.103 	0 	0 	
0.475 122.609 	0 	0 	
0.485 127.245 	0 	0 	
0.495 129.429 	0 	0 	
0.505 130.131 	0 	0 	
0.515 130.252 	0 	0 	
0.525 130.249 	0 	0 	
0.535 130.227 	0 	0 	
0.545 130.177 	0 	0 	
0.555 130.052 	0 	0 	
0.565 129.744 	0 	0 	
0.575 129.05 	-2.49374e-30 	0 	
0.585 127.619 	-1.52226e-30 	0 	
0.595 124.921 	0 	0 	
0.605 120.255 	0 	0 	
0.615 112.832 	0 	0 	
0.625 102.001 	0 	0 	
0.635 87.616 	0 	0 	
0.645 70.4397 	0 	0 	
0.655 52.2782 	0 	0 	
0.665 35.4926 	0 	0 	
0.675 22.0084 	0 	0 	
0.685 12.5448 	0 	0 	
0.695 6.65049 	0 	0 	
0.705 3.32091 	0 	0 	
0.715 1.57815 	0 	0 	
0.725 0.718706 	0 	0 	
0.735 0.314977 	0 	0 	
0.745 0.133156 	0 	0 	
0.755 0.0543737 	0 	0 	
0.765 0.0214652 	0 	0 	
0.775 0.0081972 	0 	0 	
0.785 0.00302977 	0 	0 	
0.795 0.00108437 	0 	0 	
0.805 0.000375986 	0 	0 	
0.815 0.000126357 	-1.0768e-29 	0 	
0.825 4.11777e-05 	0 	0 	
0.835 1.30184e-05 	0 	0 	
0.845 3.99464e-06 	0 	0 	
0.855 1.19018e-06 	0 	0 	
0.865 3.44465e-07 	0 	0 	
0.875 9.68831e-08 	0 	0 	
0.885 2.64906e-08 	0 	0 	
0.895 7.04425e-09 	0 	0 	
0.905 1.82235e-09 	0 	0 	
0.915 4.58809e-10 	0 	0 	
0.925 1.12453e-10 	0 	0 	
0.935 2.68486e-11 	0 	0 	
0.945 6.26025e-12 	0 	0 	
0.955 1.43721e-12 	0 	0 	
0.965 3.41669e-13 	0 	0 	
0.975 9.91941e-14 	0 	0 	
0.985 3.5269e-14 	0 	0 	
0.995 8.81725e-15 	0 	0 	
