0.005 6.17648e-14 	0 	0 	
0.015 1.23442e-13 	0 	0 	
0.025 2.76274e-13 	0 	0 	
0.035 8.0531e-13 	0 	0 	
0.045 2.97436e-12 	0 	0 	
0.055 1.18504e-11 	0 	0 	
0.065 4.69283e-11 	0 	0 	
0.075 1.81527e-10 	0 	0 	
0.085 6.84016e-10 	0 	0 	
0.095 2.50875e-09 	0 	0 	
0.105 8.95172e-09 	0 	0 	
0.115 3.10622e-08 	0 	0 	
0.125 1.04769e-07 	0 	0 	
0.135 3.43321e-07 	0 	0 	
0.145 1.09246e-06 	-6.36293e-30 	0 	
0.155 3.37366e-06 	0 	0 	
0.165 1.01049e-05 	0 	0 	
0.175 2.93376e-05 	0 	0 	
0.185 8.25055e-05 	0 	0 	
0.195 0.000224593 	0 	0 	
0.205 0.000591331 	0 	0 	
0.215 0.00150465 	0 	0 	
0.225 0.00369685 	0 	0 	
0.235 0.00876239 	1.17472e-29 	0 	
0.245 0.0200165 	0 	0 	
0.255 0.0440247 	0 	0 	
0.265 0.093133 	0 	0 	
0.275 0.189312 	0 	0 	
0.285 0.369422 	0 	0 	
0.295 0.691513 	0 	0 	
0.305 1.24104 	0 	0 	
0.315 2.135 	0 	0 	
0.325 3.52168 	0 	0 	
0.335 5.57404 	0 	0 	
0.345 8.4763 	0 	0 	
0.355 12.4055 	0 	0 	
0.365 17.5112 	0 	0 	
0.375 23.8971 	0 	0 	
0.385 31.6066 	0 	0 	
0.395 40.6128 	0 	0 	
0.405 50.8107 	0 	0 	
0.415 62.0068 	0 	0 	
0.425 73.9032 	0 	0 	
0.435 86.0723 	0 	0 	
0.445 97.9303 	0 	0 	
0.455 108.736 	0 	0 	
0.465 117.679 	0 	0 	
0.475 124.12 	0 	0 	
0.485 127.93 	0 	0 	
0.495 129.644 	0 	0 	
0.505 130.168 	0 	0 	
0.515 130.252 	0 	0 	
0.525 130.246 	0 	0 	
0.535 130.23 	0 	0 	
0.545 130.2 	0 	0 	
0.555 130.129 	0 	0 	
0.565 129.957 	0 	0 	
0.575 129.557 	-2.80167e-30 	0 	
0.585 128.699 	-1.84801e-30 	0 	
0.595 127.011 	0 	0 	
0.605 123.949 	0 	0 	
0.615 118.822 	0 	0 	
0.625 110.888 	0 	0 	
0.635 99.5897 	0 	0 	
0.645 84.9101 	0 	0 	
0.655 67.7383 	0 	0 	
0.665 49.9212 	0 	0 	
0.675 33.7215 	0 	0 	
0.685 20.8702 	0 	0 	
0.695 11.9185 	0 	0 	
0.705 6.35421 	0 	0 	
0.715 3.20122 	0 	0 	
0.725 1.53882 	0 	0 	
0.735 0.710389 	0 	0 	
0.745 0.316172 	0 	0 	
0.755 0.135965 	0 	0 	
0.765 0.0565653 	0 	0 	
0.775 0.0227843 	0 	0 	
0.785 0.00889047 	0 	0 	
0.795 0.0033622 	0 	0 	
0.805 0.00123288 	0 	0 	
0.815 0.000438537 	-1.15022e-29 	0 	
0.825 0.000151378 	0 	0 	
0.835 5.07313e-05 	0 	0 	
0.845 1.65131e-05 	0 	0 	
0.855 5.22281e-06 	0 	0 	
0.865 1.60574e-06 	0 	0 	
0.875 4.80083e-07 	0 	0 	
0.885 1.39634e-07 	0 	0 	
0.895 3.9524e-08 	0 	0 	
0.905 1.08913e-08 	0 	0 	
0.915 2.92277e-09 	0 	0 	
0.925 7.64103e-10 	0 	0 	
0.935 1.94665e-10 	0 	0 	
0.945 4.8356e-11 	0 	0 	
0.955 1.1738e-11 	0 	0 	
0.965 2.81491e-12 	0 	0 	
0.975 6.83336e-13 	0 	0 	
0.985 1.65324e-13 	0 	0 	
0.995 3.8592e-14 	0 	0 	
