0.005 3.33243e-14 	0 	0 	
0.015 6.7599e-14 	0 	0 	
0.025 7.64162e-14 	0 	0 	
0.035 6.7599e-14 	0 	0 	
0.045 5.29036e-14 	0 	0 	
0.055 1.76345e-14 	0 	0 	
0.065 -1.17563e-14 	0 	0 	
0.075 -2.05736e-14 	0 	0 	
0.085 -2.64517e-14 	0 	0 	
0.095 -2.35127e-14 	0 	0 	
0.105 -1.46954e-14 	0 	0 	
0.115 -2.93905e-15 	0 	0 	
0.125 -2.93907e-15 	0 	0 	
0.135 -4.40863e-14 	0 	0 	
0.145 -8.81725e-14 	-4.89456e-30 	0 	
0.155 -1.02868e-13 	0 	0 	
0.165 -1.20502e-13 	0 	0 	
0.175 -1.49893e-13 	0 	0 	
0.185 -1.55771e-13 	0 	0 	
0.195 -1.2638e-13 	0 	0 	
0.205 -1.02868e-13 	0 	0 	
0.215 -9.11116e-14 	0 	0 	
0.225 -4.40863e-14 	0 	0 	
0.235 4.70253e-14 	9.78913e-30 	0 	
0.245 1.2638e-13 	0 	0 	
0.255 1.64588e-13 	0 	0 	
0.265 1.76345e-13 	0 	0 	
0.275 1.49893e-13 	0 	0 	
0.285 1.02868e-13 	0 	0 	
0.295 7.64163e-14 	0 	0 	
0.305 6.46599e-14 	0 	0 	
0.315 6.17208e-14 	0 	0 	
0.325 6.7599e-14 	0 	0 	
0.335 4.99645e-14 	0 	0 	
0.345 -1.17563e-14 	0 	0 	
0.355 -9.9929e-14 	0 	0 	
0.365 -1.76345e-13 	0 	0 	
0.375 0.0105908 	0 	0 	
0.385 1.89858 	0 	0 	
0.395 9.80166 	0 	0 	
0.405 25.0286 	0 	0 	
0.415 44.6381 	0 	0 	
0.425 65.753 	0 	0 	
0.435 86.6781 	0 	0 	
0.445 105.396 	0 	0 	
0.455 119.506 	0 	0 	
0.465 127.357 	0 	0 	
0.475 129.845 	0 	0 	
0.485 129.985 	0 	0 	
0.495 129.844 	0 	0 	
0.505 130.056 	0 	0 	
0.515 130.539 	0 	0 	
0.525 130.775 	0 	0 	
0.535 130.65 	0 	0 	
0.545 130.243 	0 	0 	
0.555 129.561 	0 	0 	
0.565 129.173 	0 	0 	
0.575 129.563 	-3.39524e-30 	0 	
0.585 129.816 	-2.36966e-30 	0 	
0.595 129.653 	0 	0 	
0.605 127.28 	0 	0 	
0.615 112.714 	0 	0 	
0.625 76.1531 	0 	0 	
0.635 31.5064 	0 	0 	
0.645 5.5955 	0 	0 	
0.655 -1.10216e-14 	0 	0 	
0.665 -1.32259e-14 	0 	0 	
0.675 -1.32259e-14 	0 	0 	
0.685 2.20431e-14 	0 	0 	
0.695 6.83337e-14 	0 	0 	
0.705 9.03769e-14 	0 	0 	
0.715 9.03769e-14 	0 	0 	
0.725 8.59683e-14 	0 	0 	
0.735 7.7151e-14 	0 	0 	
0.745 4.62906e-14 	0 	0 	
0.755 2.20433e-15 	0 	0 	
0.765 -1.10216e-14 	0 	0 	
0.775 4.40863e-15 	0 	0 	
0.785 8.81725e-15 	0 	0 	
0.795 8.81724e-15 	0 	0 	
0.805 3.30647e-14 	0 	0 	
0.815 5.06993e-14 	-7.34184e-30 	0 	
0.825 3.30647e-14 	0 	0 	
0.835 1.32259e-14 	0 	0 	
0.845 2.20431e-14 	0 	0 	
0.855 5.29035e-14 	0 	0 	
0.865 5.95165e-14 	0 	0 	
0.875 6.61293e-15 	0 	0 	
0.885 -5.51079e-14 	0 	0 	
0.895 -6.17208e-14 	0 	0 	
0.905 -5.06992e-14 	0 	0 	
0.915 -5.95165e-14 	0 	0 	
0.925 -4.62906e-14 	0 	0 	
0.935 6.61295e-15 	0 	0 	
0.945 5.73122e-14 	0 	0 	
0.955 6.17208e-14 	0 	0 	
0.965 2.64518e-14 	0 	0 	
0.975 -4.99995e-21 	0 	0 	
0.985 -2.20432e-15 	0 	0 	
0.995 -2.44728e-31 	0 	0 	
