0.005 273.15 303975
0.015 273.15 303975
0.025 273.15 303975
0.035 273.15 303975
0.045 273.15 303975
0.055 273.15 303975
0.065 273.15 303975
0.075 273.15 303975
0.085 273.15 303975
0.095 273.15 303975
0.105 273.15 303975
0.115 273.15 303975
0.125 273.15 303975
0.135 273.15 303975
0.145 273.15 303975
0.155 273.15 303975
0.165 273.15 303975
0.175 273.15 303975
0.185 273.15 303975
0.195 273.15 303975
0.205 273.15 303975
0.215 273.15 303975
0.225 273.15 303975
0.235 273.15 303975
0.245 273.15 303975
0.255 273.15 303975
0.265 273.15 303975
0.275 273.15 303975
0.285 273.15 303975
0.295 273.15 303975
0.305 273.15 303974
0.315 273.149 303971
0.325 273.147 303963
0.335 273.141 303939
0.345 273.125 303877
0.355 273.086 303722
0.365 272.995 303367
0.375 272.8 302605
0.385 272.416 301097
0.395 271.716 298345
0.405 270.546 293734
0.415 268.75 286664
0.425 266.226 276756
0.435 262.981 264077
0.445 259.18 249243
0.455 255.178 233352
0.465 251.513 217744
0.475 248.888 203695
0.485 248.102 192147
0.495 249.904 183538
0.505 254.756 177755
0.515 262.568 174193
0.525 272.532 171904
0.535 283.172 169746
0.545 292.623 166528
0.555 299.089 161190
0.565 301.358 153125
0.575 299.263 142615
0.585 293.905 131029
0.595 287.312 120343
0.605 281.478 112122
0.615 277.432 106802
0.625 275.121 103844
0.635 273.982 102392
0.645 273.477 101747
0.655 273.271 101482
0.665 273.192 101380
0.675 273.164 101344
0.685 273.154 101331
0.695 273.151 101326
0.705 273.15 101325
0.715 273.15 101325
0.725 273.15 101325
0.735 273.15 101325
0.745 273.15 101325
0.755 273.15 101325
0.765 273.15 101325
0.775 273.15 101325
0.785 273.15 101325
0.795 273.15 101325
0.805 273.15 101325
0.815 273.15 101325
0.825 273.15 101325
0.835 273.15 101325
0.845 273.15 101325
0.855 273.15 101325
0.865 273.15 101325
0.875 273.15 101325
0.885 273.15 101325
0.895 273.15 101325
0.905 273.15 101325
0.915 273.15 101325
0.925 273.15 101325
0.935 273.15 101325
0.945 273.15 101325
0.955 273.15 101325
0.965 273.15 101325
0.975 273.15 101325
0.985 273.15 101325
0.995 273.15 101325
