0.005 2.4507e-14 	0 	0 	
0.015 4.11472e-14 	0 	0 	
0.025 4.99645e-14 	0 	0 	
0.035 6.17208e-14 	0 	0 	
0.045 5.87817e-14 	0 	0 	
0.055 2.93908e-14 	0 	0 	
0.065 2.93905e-15 	0 	0 	
0.075 -1.76345e-14 	0 	0 	
0.085 -2.05736e-14 	0 	0 	
0.095 -2.50001e-20 	0 	0 	
0.105 2.93905e-15 	0 	0 	
0.115 -2.9391e-15 	0 	0 	
0.125 -2.93907e-15 	0 	0 	
0.135 -4.11471e-14 	0 	0 	
0.145 -1.02868e-13 	-3.91565e-30 	0 	
0.155 -1.35198e-13 	0 	0 	
0.165 -1.46954e-13 	0 	0 	
0.175 -1.58711e-13 	0 	0 	
0.185 -1.52833e-13 	0 	0 	
0.195 -1.14624e-13 	0 	0 	
0.205 -7.64161e-14 	0 	0 	
0.215 -3.52691e-14 	0 	0 	
0.225 3.82081e-14 	0 	0 	
0.235 8.81725e-14 	7.83129e-30 	0 	
0.245 8.52335e-14 	0 	0 	
0.255 9.11116e-14 	0 	0 	
0.265 1.2932e-13 	0 	0 	
0.275 1.44015e-13 	0 	0 	
0.285 1.17563e-13 	0 	0 	
0.295 9.40508e-14 	0 	0 	
0.305 7.64163e-14 	0 	0 	
0.315 5.58427e-14 	0 	0 	
0.325 4.40863e-14 	0 	0 	
0.335 2.93909e-14 	0 	0 	
0.345 -2.9391e-15 	0 	0 	
0.355 -3.82081e-14 	0 	0 	
0.365 -8.52334e-14 	0 	0 	
0.375 -1.67528e-13 	0 	0 	
0.385 -2.38066e-13 	0 	0 	
0.395 0.00095284 	0 	0 	
0.405 2.14402 	0 	0 	
0.415 11.3403 	0 	0 	
0.425 29.3403 	0 	0 	
0.435 52.6621 	0 	0 	
0.445 77.3543 	0 	0 	
0.455 100.367 	0 	0 	
0.465 117.429 	0 	0 	
0.475 126.459 	0 	0 	
0.485 130.262 	0 	0 	
0.495 131.361 	0 	0 	
0.505 130.986 	0 	0 	
0.515 130.284 	0 	0 	
0.525 129.65 	0 	0 	
0.535 129.124 	0 	0 	
0.545 129.021 	0 	0 	
0.555 130.012 	0 	0 	
0.565 130.743 	0 	0 	
0.575 129.544 	-2.68869e-30 	0 	
0.585 122.226 	-3.41338e-31 	0 	
0.595 96.3838 	0 	0 	
0.605 51.661 	0 	0 	
0.615 14.2992 	0 	0 	
0.625 1.02147 	0 	0 	
0.635 -8.81725e-14 	0 	0 	
0.645 -4.1882e-14 	0 	0 	
0.655 -2.2043e-15 	0 	0 	
0.665 -2.20431e-14 	0 	0 	
0.675 -4.1882e-14 	0 	0 	
0.685 8.81725e-15 	0 	0 	
0.695 7.27424e-14 	0 	0 	
0.705 8.15597e-14 	0 	0 	
0.715 7.93554e-14 	0 	0 	
0.725 9.25814e-14 	0 	0 	
0.735 6.17209e-14 	0 	0 	
0.745 4.40865e-15 	0 	0 	
0.755 -8.81725e-15 	0 	0 	
0.765 1.10216e-14 	0 	0 	
0.775 2.20431e-14 	0 	0 	
0.785 8.81725e-15 	0 	0 	
0.795 -6.61296e-15 	0 	0 	
0.805 8.81725e-15 	0 	0 	
0.815 3.08604e-14 	-5.87348e-30 	0 	
0.825 2.64518e-14 	0 	0 	
0.835 1.32259e-14 	0 	0 	
0.845 1.76345e-14 	0 	0 	
0.855 3.96777e-14 	0 	0 	
0.865 4.1882e-14 	0 	0 	
0.875 3.80317e-25 	0 	0 	
0.885 -4.1882e-14 	0 	0 	
0.895 -4.40863e-14 	0 	0 	
0.905 -4.1882e-14 	0 	0 	
0.915 -5.73122e-14 	0 	0 	
0.925 -4.62906e-14 	0 	0 	
0.935 6.61295e-15 	0 	0 	
0.945 5.73122e-14 	0 	0 	
0.955 6.17208e-14 	0 	0 	
0.965 2.64518e-14 	0 	0 	
0.975 -4.99995e-21 	0 	0 	
0.985 -2.20432e-15 	0 	0 	
0.995 -2.44728e-31 	0 	0 	
