0.005 2.79433e-14 	0 	0 	
0.015 4.70253e-14 	0 	0 	
0.025 7.64162e-14 	0 	0 	
0.035 9.11116e-14 	0 	0 	
0.045 7.64162e-14 	0 	0 	
0.055 5.29036e-14 	0 	0 	
0.065 7.34773e-14 	0 	0 	
0.075 3.70324e-13 	0 	0 	
0.085 1.86926e-12 	0 	0 	
0.095 8.62328e-12 	0 	0 	
0.105 3.82229e-11 	0 	0 	
0.115 1.64042e-10 	0 	0 	
0.125 6.82255e-10 	0 	0 	
0.135 2.75094e-09 	0 	0 	
0.145 1.07513e-08 	-8.15761e-31 	0 	
0.155 4.07072e-08 	3.26303e-31 	0 	
0.165 1.49238e-07 	0 	0 	
0.175 5.29458e-07 	0 	0 	
0.185 1.81659e-06 	0 	0 	
0.195 6.02365e-06 	0 	0 	
0.205 1.92898e-05 	0 	0 	
0.215 5.961e-05 	0 	0 	
0.225 0.000177611 	3.26305e-31 	0 	
0.235 0.000509782 	1.63152e-30 	0 	
0.245 0.00140813 	6.52611e-31 	0 	
0.255 0.00373923 	0 	0 	
0.265 0.00953494 	0 	0 	
0.275 0.0233197 	0 	0 	
0.285 0.0546312 	0 	0 	
0.295 0.122431 	0 	0 	
0.305 0.262108 	0 	0 	
0.315 0.53534 	0 	0 	
0.325 1.04186 	0 	0 	
0.335 1.93017 	0 	0 	
0.345 3.40183 	0 	0 	
0.355 5.70301 	0 	0 	
0.365 9.09865 	0 	0 	
0.375 13.8302 	0 	0 	
0.385 20.065 	0 	0 	
0.395 27.8519 	0 	0 	
0.405 37.094 	0 	0 	
0.415 47.5474 	0 	0 	
0.425 58.8411 	0 	0 	
0.435 70.5117 	0 	0 	
0.445 82.0452 	0 	0 	
0.455 92.9236 	0 	0 	
0.465 102.678 	0 	0 	
0.475 110.945 	0 	0 	
0.485 117.524 	0 	0 	
0.495 122.401 	0 	0 	
0.505 125.744 	0 	0 	
0.515 127.845 	0 	0 	
0.525 129.039 	0 	0 	
0.535 129.613 	0 	0 	
0.545 129.739 	0 	0 	
0.555 129.421 	0 	0 	
0.565 128.46 	0 	0 	
0.575 126.421 	-9.72991e-31 	0 	
0.585 122.633 	-3.34097e-31 	0 	
0.595 116.254 	0 	0 	
0.605 106.466 	0 	0 	
0.615 92.8478 	0 	0 	
0.625 75.8636 	0 	0 	
0.635 57.1649 	0 	0 	
0.645 39.2592 	0 	0 	
0.655 24.4698 	0 	0 	
0.665 13.9073 	0 	0 	
0.675 7.29081 	0 	0 	
0.685 3.57388 	0 	0 	
0.695 1.65722 	0 	0 	
0.705 0.732792 	0 	0 	
0.715 0.310489 	0 	0 	
0.725 0.126408 	0 	0 	
0.735 0.0495295 	0 	0 	
0.745 0.0186963 	0 	0 	
0.755 0.00680423 	0 	0 	
0.765 0.00238898 	0 	0 	
0.775 0.000809686 	0 	0 	
0.785 0.000265059 	0 	0 	
0.795 8.38562e-05 	0 	0 	
0.805 2.56528e-05 	-2.44728e-31 	0 	
0.815 7.59227e-06 	-1.95783e-30 	0 	
0.825 2.17505e-06 	0 	0 	
0.835 6.03456e-07 	0 	0 	
0.845 1.62219e-07 	0 	0 	
0.855 4.22705e-08 	0 	0 	
0.865 1.06816e-08 	0 	0 	
0.875 2.61865e-09 	0 	0 	
0.885 6.23027e-10 	0 	0 	
0.895 1.43871e-10 	0 	0 	
0.905 3.22447e-11 	0 	0 	
0.915 7.02074e-12 	0 	0 	
0.925 1.4813e-12 	0 	0 	
0.935 3.04196e-13 	0 	0 	
0.945 8.59684e-14 	0 	0 	
0.955 5.06992e-14 	0 	0 	
0.965 2.42475e-14 	0 	0 	
0.975 4.40863e-15 	0 	0 	
0.985 0 	0 	0 	
0.995 0 	0 	0 	
