0.005 273.15 303975
0.015 273.15 303975
0.025 273.15 303975
0.035 273.15 303975
0.045 273.15 303975
0.055 273.15 303975
0.065 273.15 303975
0.075 273.15 303975
0.085 273.15 303975
0.095 273.15 303975
0.105 273.15 303975
0.115 273.15 303975
0.125 273.15 303975
0.135 273.15 303975
0.145 273.15 303975
0.155 273.15 303975
0.165 273.15 303975
0.175 273.15 303975
0.185 273.15 303975
0.195 273.15 303975
0.205 273.15 303975
0.215 273.15 303975
0.225 273.15 303975
0.235 273.15 303974
0.245 273.15 303973
0.255 273.149 303970
0.265 273.147 303963
0.275 273.143 303945
0.285 273.132 303905
0.295 273.11 303818
0.305 273.064 303639
0.315 272.974 303289
0.325 272.808 302641
0.335 272.518 301508
0.345 272.039 299639
0.355 271.294 296736
0.365 270.202 292497
0.375 268.695 286676
0.385 266.728 279156
0.395 264.301 269996
0.405 261.46 259454
0.415 258.301 247947
0.425 254.961 236000
0.435 251.615 224168
0.445 248.465 212971
0.455 245.745 202851
0.465 243.715 194133
0.475 242.66 187005
0.485 242.873 181506
0.495 244.623 177534
0.505 248.106 174869
0.515 253.384 173219
0.525 260.331 172276
0.535 268.594 171757
0.545 277.606 171413
0.555 286.638 171012
0.565 294.901 170290
0.575 301.657 168901
0.585 306.304 166404
0.595 308.437 162307
0.605 307.88 156216
0.615 304.747 148085
0.625 299.538 138447
0.635 293.185 128427
0.645 286.874 119376
0.655 281.625 112286
0.665 277.908 107436
0.675 275.614 104489
0.685 274.346 102865
0.695 273.701 102036
0.705 273.392 101639
0.715 273.252 101458
0.725 273.192 101379
0.735 273.166 101346
0.745 273.156 101333
0.755 273.153 101328
0.765 273.151 101326
0.775 273.15 101325
0.785 273.15 101325
0.795 273.15 101325
0.805 273.15 101325
0.815 273.15 101325
0.825 273.15 101325
0.835 273.15 101325
0.845 273.15 101325
0.855 273.15 101325
0.865 273.15 101325
0.875 273.15 101325
0.885 273.15 101325
0.895 273.15 101325
0.905 273.15 101325
0.915 273.15 101325
0.925 273.15 101325
0.935 273.15 101325
0.945 273.15 101325
0.955 273.15 101325
0.965 273.15 101325
0.975 273.15 101325
0.985 273.15 101325
0.995 273.15 101325
