0.005 2.15679e-14 	0 	0 	
0.015 4.11472e-14 	0 	0 	
0.025 7.3477e-14 	0 	0 	
0.035 9.40506e-14 	0 	0 	
0.045 8.22943e-14 	0 	0 	
0.055 4.70254e-14 	0 	0 	
0.065 -1.17563e-14 	0 	0 	
0.075 -4.99645e-14 	0 	0 	
0.085 -3.5269e-14 	0 	0 	
0.095 2.9391e-15 	0 	0 	
0.105 2.93909e-14 	0 	0 	
0.115 1.46955e-14 	0 	0 	
0.125 -2.64517e-14 	0 	0 	
0.135 -9.69898e-14 	0 	0 	
0.145 -1.79284e-13 	-3.26305e-31 	0 	
0.155 -1.82224e-13 	0 	0 	
0.165 -1.2932e-13 	0 	0 	
0.175 -7.34771e-14 	0 	0 	
0.185 7.05379e-14 	0 	0 	
0.195 7.64162e-13 	0 	0 	
0.205 5.15223e-12 	0 	0 	
0.215 3.35907e-11 	0 	0 	
0.225 2.10227e-10 	0 	0 	
0.235 1.25373e-09 	6.52609e-31 	0 	
0.245 7.11311e-09 	0 	0 	
0.255 3.83655e-08 	0 	0 	
0.265 1.96588e-07 	0 	0 	
0.275 9.56232e-07 	0 	0 	
0.285 4.41123e-06 	0 	0 	
0.295 1.92786e-05 	0 	0 	
0.305 7.97203e-05 	0 	0 	
0.315 0.000311471 	0 	0 	
0.325 0.00114792 	0 	0 	
0.335 0.00398323 	0 	0 	
0.345 0.012986 	0 	0 	
0.355 0.0396824 	0 	0 	
0.365 0.113363 	0 	0 	
0.375 0.301909 	0 	0 	
0.385 0.747444 	0 	0 	
0.395 1.71564 	0 	0 	
0.405 3.64322 	0 	0 	
0.415 7.14823 	0 	0 	
0.425 12.9567 	0 	0 	
0.435 21.7185 	0 	0 	
0.445 33.7413 	0 	0 	
0.455 48.7336 	0 	0 	
0.465 65.6825 	0 	0 	
0.475 82.9638 	0 	0 	
0.485 98.7172 	0 	0 	
0.495 111.388 	0 	0 	
0.505 120.15 	0 	0 	
0.515 124.874 	0 	0 	
0.525 125.616 	0 	0 	
0.535 122.021 	0 	0 	
0.545 113.195 	0 	0 	
0.555 98.3618 	0 	0 	
0.565 78.1078 	0 	0 	
0.575 55.2839 	-8.33804e-31 	0 	
0.585 34.2475 	-2.22444e-31 	0 	
0.595 18.4718 	0 	0 	
0.605 8.75739 	0 	0 	
0.615 3.71993 	0 	0 	
0.625 1.44378 	0 	0 	
0.635 0.519318 	0 	0 	
0.645 0.174575 	0 	0 	
0.655 0.0551039 	0 	0 	
0.665 0.0163773 	0 	0 	
0.675 0.0045919 	0 	0 	
0.685 0.00121643 	0 	0 	
0.695 0.000304861 	0 	0 	
0.705 7.23666e-05 	0 	0 	
0.715 1.62874e-05 	0 	0 	
0.725 3.47894e-06 	0 	0 	
0.735 7.05802e-07 	0 	0 	
0.745 1.36103e-07 	0 	0 	
0.755 2.49613e-08 	0 	0 	
0.765 4.35609e-09 	0 	0 	
0.775 7.23647e-10 	0 	0 	
0.785 1.14452e-10 	0 	0 	
0.795 1.72069e-11 	0 	0 	
0.805 2.44679e-12 	0 	0 	
0.815 3.50486e-13 	-4.89455e-31 	0 	
0.825 7.27425e-14 	0 	0 	
0.835 2.64518e-14 	0 	0 	
0.845 1.98388e-14 	0 	0 	
0.855 1.10216e-14 	0 	0 	
0.865 -6.61294e-15 	0 	0 	
0.875 -5.00016e-21 	0 	0 	
0.885 2.20431e-14 	0 	0 	
0.895 2.20432e-14 	0 	0 	
0.905 2.20433e-15 	0 	0 	
0.915 -1.54302e-14 	0 	0 	
0.925 -1.98388e-14 	0 	0 	
0.935 -1.32259e-14 	0 	0 	
0.945 6.61295e-15 	0 	0 	
0.955 2.64518e-14 	0 	0 	
0.965 1.76345e-14 	0 	0 	
0.975 2.20432e-15 	0 	0 	
0.985 0 	0 	0 	
0.995 0 	0 	0 	
