0.005 273.15 303975
0.015 273.15 303975
0.025 273.15 303975
0.035 273.15 303975
0.045 273.15 303975
0.055 273.15 303975
0.065 273.15 303975
0.075 273.15 303975
0.085 273.15 303975
0.095 273.15 303975
0.105 273.15 303975
0.115 273.15 303975
0.125 273.15 303975
0.135 273.15 303975
0.145 273.15 303975
0.155 273.15 303975
0.165 273.15 303975
0.175 273.15 303975
0.185 273.15 303975
0.195 273.15 303975
0.205 273.15 303975
0.215 273.15 303975
0.225 273.15 303975
0.235 273.15 303975
0.245 273.15 303975
0.255 273.15 303975
0.265 273.15 303975
0.275 273.15 303975
0.285 273.15 303975
0.295 273.15 303975
0.305 273.15 303975
0.315 273.15 303975
0.325 273.15 303975
0.335 273.15 303975
0.345 273.132 303905
0.355 272.555 301666
0.365 270.354 293270
0.375 266.302 278242
0.385 261.207 260098
0.395 255.762 241640
0.405 250.292 224043
0.415 245.058 208053
0.425 240.362 194384
0.435 236.548 183725
0.445 233.982 176750
0.455 232.671 173229
0.465 232.143 171792
0.475 232.02 171427
0.485 232.075 171555
0.495 232.12 171680
0.505 232.141 171633
0.515 232.691 171469
0.525 235.916 171349
0.535 244.948 171381
0.545 260.833 171577
0.555 280.882 171817
0.565 299.94 171930
0.575 312.975 171849
0.585 318.516 171577
0.595 319.511 171252
0.605 319.412 171108
0.615 319.345 171177
0.625 319.186 171228
0.635 318.646 170779
0.645 316.814 168015
0.655 310.291 156937
0.665 296.394 134611
0.675 281.577 112700
0.685 274.353 102848
0.695 273.15 101325
0.705 273.15 101325
0.715 273.15 101325
0.725 273.15 101325
0.735 273.15 101325
0.745 273.15 101325
0.755 273.15 101325
0.765 273.15 101325
0.775 273.15 101325
0.785 273.15 101325
0.795 273.15 101325
0.805 273.15 101325
0.815 273.15 101325
0.825 273.15 101325
0.835 273.15 101325
0.845 273.15 101325
0.855 273.15 101325
0.865 273.15 101325
0.875 273.15 101325
0.885 273.15 101325
0.895 273.15 101325
0.905 273.15 101325
0.915 273.15 101325
0.925 273.15 101325
0.935 273.15 101325
0.945 273.15 101325
0.955 273.15 101325
0.965 273.15 101325
0.975 273.15 101325
0.985 273.15 101325
0.995 273.15 101325
