0.005 1.22535e-14 	0 	0 	
0.015 2.93908e-14 	0 	0 	
0.025 4.99644e-14 	0 	0 	
0.035 6.46599e-14 	0 	0 	
0.045 6.7599e-14 	0 	0 	
0.055 5.58427e-14 	0 	0 	
0.065 3.52691e-14 	0 	0 	
0.075 5.87818e-15 	0 	0 	
0.085 -8.81728e-15 	0 	0 	
0.095 -2.50001e-20 	0 	0 	
0.105 7.31376e-26 	0 	0 	
0.115 -1.17563e-14 	0 	0 	
0.125 -1.46954e-14 	0 	0 	
0.135 8.81726e-14 	0 	0 	
0.145 9.52264e-13 	-3.58934e-30 	0 	
0.155 5.98985e-12 	0 	0 	
0.165 3.25327e-11 	0 	0 	
0.175 1.6654e-10 	0 	0 	
0.185 8.1745e-10 	0 	0 	
0.195 3.85674e-09 	0 	0 	
0.205 1.74904e-08 	0 	0 	
0.215 7.62031e-08 	0 	0 	
0.225 3.18748e-07 	0 	0 	
0.235 1.27905e-06 	7.17868e-30 	0 	
0.245 4.9195e-06 	0 	0 	
0.255 1.81193e-05 	0 	0 	
0.265 6.38401e-05 	0 	0 	
0.275 0.000214924 	0 	0 	
0.285 0.000690506 	0 	0 	
0.295 0.00211417 	0 	0 	
0.305 0.00615946 	0 	0 	
0.315 0.0170476 	0 	0 	
0.325 0.0447441 	0 	0 	
0.335 0.111162 	0 	0 	
0.345 0.260932 	0 	0 	
0.355 0.577713 	0 	0 	
0.365 1.20483 	0 	0 	
0.375 2.36502 	0 	0 	
0.385 4.36994 	0 	0 	
0.395 7.60858 	0 	0 	
0.405 12.5088 	0 	0 	
0.415 19.4747 	0 	0 	
0.425 28.8115 	0 	0 	
0.435 40.6467 	0 	0 	
0.445 54.8467 	0 	0 	
0.455 70.9128 	0 	0 	
0.465 87.8371 	0 	0 	
0.475 103.967 	0 	0 	
0.485 117.143 	0 	0 	
0.495 125.59 	0 	0 	
0.505 129.304 	0 	0 	
0.515 130.153 	0 	0 	
0.525 129.986 	0 	0 	
0.535 129.242 	0 	0 	
0.545 127.381 	0 	0 	
0.555 123.44 	0 	0 	
0.565 116.2 	0 	0 	
0.575 104.562 	-2.358e-30 	0 	
0.585 88.211 	-5.70064e-31 	0 	
0.595 68.3309 	0 	0 	
0.605 47.7182 	0 	0 	
0.615 29.7157 	0 	0 	
0.625 16.5061 	0 	0 	
0.635 8.26857 	0 	0 	
0.645 3.79744 	0 	0 	
0.655 1.62372 	0 	0 	
0.665 0.653474 	0 	0 	
0.675 0.24917 	0 	0 	
0.685 0.0903493 	0 	0 	
0.695 0.0312219 	0 	0 	
0.705 0.0102975 	0 	0 	
0.715 0.00324503 	0 	0 	
0.725 0.000978025 	0 	0 	
0.735 0.00028217 	0 	0 	
0.745 7.79946e-05 	0 	0 	
0.755 2.06707e-05 	0 	0 	
0.765 5.25661e-06 	0 	0 	
0.775 1.28356e-06 	0 	0 	
0.785 3.01137e-07 	0 	0 	
0.795 6.79216e-08 	0 	0 	
0.805 1.47361e-08 	0 	0 	
0.815 3.07685e-09 	-6.36293e-30 	0 	
0.825 6.18544e-10 	0 	0 	
0.835 1.19752e-10 	0 	0 	
0.845 2.23209e-11 	0 	0 	
0.855 4.00302e-12 	0 	0 	
0.865 6.94358e-13 	0 	0 	
0.875 1.21237e-13 	0 	0 	
0.885 3.52691e-14 	0 	0 	
0.895 2.20431e-14 	0 	0 	
0.905 -4.40863e-15 	0 	0 	
0.915 -2.64518e-14 	0 	0 	
0.925 -2.20432e-14 	0 	0 	
0.935 2.2043e-15 	0 	0 	
0.945 2.86561e-14 	0 	0 	
0.955 2.86561e-14 	0 	0 	
0.965 1.10216e-14 	0 	0 	
0.975 1.10216e-14 	0 	0 	
0.985 1.32259e-14 	0 	0 	
0.995 4.40863e-15 	0 	0 	
