0.005 273.15 303975
0.015 273.15 303975
0.025 273.15 303975
0.035 273.15 303975
0.045 273.15 303975
0.055 273.15 303975
0.065 273.15 303975
0.075 273.15 303975
0.085 273.15 303975
0.095 273.15 303975
0.105 273.15 303975
0.115 273.15 303975
0.125 273.15 303975
0.135 273.15 303975
0.145 273.15 303975
0.155 273.15 303975
0.165 273.15 303975
0.175 273.15 303975
0.185 273.15 303975
0.195 273.15 303975
0.205 273.15 303975
0.215 273.15 303975
0.225 273.15 303975
0.235 273.15 303975
0.245 273.15 303975
0.255 273.15 303975
0.265 273.15 303975
0.275 273.15 303975
0.285 273.15 303974
0.295 273.149 303972
0.305 273.148 303967
0.315 273.145 303953
0.325 273.135 303918
0.335 273.113 303832
0.345 273.064 303640
0.355 272.96 303235
0.365 272.755 302434
0.375 272.375 300958
0.385 271.723 298425
0.395 270.678 294375
0.405 269.11 288342
0.415 266.905 279954
0.425 263.988 269040
0.435 260.344 255724
0.445 256.037 240476
0.455 251.234 224133
0.465 246.245 207901
0.475 241.574 193313
0.485 237.969 182006
0.495 236.943 175054
0.505 241.058 172077
0.515 252.174 171330
0.525 269.109 171112
0.535 287.515 170615
0.545 302.34 169389
0.555 310.76 166826
0.565 312.907 162213
0.575 310.375 155034
0.585 304.775 145404
0.595 297.484 134353
0.605 289.92 123601
0.615 283.423 114769
0.625 278.764 108616
0.635 275.925 104920
0.645 274.413 102962
0.655 273.687 102022
0.665 273.366 101605
0.675 273.232 101432
0.685 273.18 101364
0.695 273.161 101338
0.705 273.154 101329
0.715 273.151 101326
0.725 273.15 101325
0.735 273.15 101325
0.745 273.15 101325
0.755 273.15 101325
0.765 273.15 101325
0.775 273.15 101325
0.785 273.15 101325
0.795 273.15 101325
0.805 273.15 101325
0.815 273.15 101325
0.825 273.15 101325
0.835 273.15 101325
0.845 273.15 101325
0.855 273.15 101325
0.865 273.15 101325
0.875 273.15 101325
0.885 273.15 101325
0.895 273.15 101325
0.905 273.15 101325
0.915 273.15 101325
0.925 273.15 101325
0.935 273.15 101325
0.945 273.15 101325
0.955 273.15 101325
0.965 273.15 101325
0.975 273.15 101325
0.985 273.15 101325
0.995 273.15 101325
