0.005 1.37728e-13 	0 	0 	
0.015 3.87959e-13 	0 	0 	
0.025 1.34022e-12 	0 	0 	
0.035 5.11401e-12 	0 	0 	
0.045 1.9783e-11 	0 	0 	
0.055 7.55023e-11 	0 	0 	
0.065 2.81703e-10 	0 	0 	
0.075 1.02498e-09 	0 	0 	
0.085 3.6337e-09 	0 	0 	
0.095 1.25445e-08 	0 	0 	
0.105 4.21535e-08 	0 	0 	
0.115 1.37816e-07 	0 	0 	
0.125 4.38172e-07 	0 	0 	
0.135 1.35409e-06 	0 	0 	
0.145 4.06517e-06 	-6.68924e-30 	0 	
0.155 1.18492e-05 	0 	0 	
0.165 3.35132e-05 	0 	0 	
0.175 9.19141e-05 	0 	0 	
0.185 0.000244281 	0 	0 	
0.195 0.000628677 	0 	0 	
0.205 0.00156552 	0 	0 	
0.215 0.00376903 	0 	0 	
0.225 0.00876534 	0 	0 	
0.235 0.0196736 	1.24002e-29 	0 	
0.245 0.0425763 	0 	0 	
0.255 0.0887587 	0 	0 	
0.265 0.178078 	0 	0 	
0.275 0.343551 	0 	0 	
0.285 0.636854 	0 	0 	
0.295 1.1338 	0 	0 	
0.305 1.93818 	0 	0 	
0.315 3.18198 	0 	0 	
0.325 5.02025 	0 	0 	
0.335 7.62016 	0 	0 	
0.345 11.1454 	0 	0 	
0.355 15.7386 	0 	0 	
0.365 21.5048 	0 	0 	
0.375 28.4987 	0 	0 	
0.385 36.7156 	0 	0 	
0.395 46.0859 	0 	0 	
0.405 56.4683 	0 	0 	
0.415 67.6407 	0 	0 	
0.425 79.2831 	0 	0 	
0.435 90.9546 	0 	0 	
0.445 102.076 	0 	0 	
0.455 111.946 	0 	0 	
0.465 119.861 	0 	0 	
0.475 125.352 	0 	0 	
0.485 128.466 	0 	0 	
0.495 129.805 	0 	0 	
0.505 130.194 	0 	0 	
0.515 130.252 	0 	0 	
0.525 130.244 	0 	0 	
0.535 130.23 	0 	0 	
0.545 130.21 	0 	0 	
0.555 130.168 	0 	0 	
0.565 130.071 	0 	0 	
0.575 129.842 	-3.10241e-30 	0 	
0.585 129.336 	-2.16973e-30 	0 	
0.595 128.302 	0 	0 	
0.605 126.345 	0 	0 	
0.615 122.915 	0 	0 	
0.625 117.332 	0 	0 	
0.635 108.905 	0 	0 	
0.645 97.1694 	0 	0 	
0.655 82.2334 	0 	0 	
0.665 65.0994 	0 	0 	
0.675 47.642 	0 	0 	
0.685 32.019 	0 	0 	
0.695 19.7757 	0 	0 	
0.705 11.3105 	0 	0 	
0.715 6.06035 	0 	0 	
0.725 3.07767 	0 	0 	
0.735 1.49489 	0 	0 	
0.745 0.698683 	0 	0 	
0.755 0.315357 	0 	0 	
0.765 0.137741 	0 	0 	
0.775 0.058286 	0 	0 	
0.785 0.0239121 	0 	0 	
0.795 0.0095158 	0 	0 	
0.805 0.00367477 	0 	0 	
0.815 0.00137767 	-1.22364e-29 	0 	
0.825 0.000501599 	0 	0 	
0.835 0.000177435 	0 	0 	
0.845 6.10039e-05 	0 	0 	
0.855 2.03931e-05 	0 	0 	
0.865 6.63106e-06 	0 	0 	
0.875 2.0981e-06 	0 	0 	
0.885 6.46202e-07 	0 	0 	
0.895 1.93807e-07 	0 	0 	
0.905 5.66216e-08 	0 	0 	
0.915 1.61195e-08 	0 	0 	
0.925 4.47322e-09 	0 	0 	
0.935 1.2104e-09 	0 	0 	
0.945 3.19469e-10 	0 	0 	
0.955 8.23003e-11 	0 	0 	
0.965 2.07294e-11 	0 	0 	
0.975 5.12282e-12 	0 	0 	
0.985 1.25425e-12 	0 	0 	
0.995 3.1094e-13 	0 	0 	
