0.005 2.79433e-14 	0 	0 	
0.015 4.70253e-14 	0 	0 	
0.025 7.93552e-14 	0 	0 	
0.035 1.23441e-13 	0 	0 	
0.045 2.20431e-13 	0 	0 	
0.055 6.28965e-13 	0 	0 	
0.065 2.57464e-12 	0 	0 	
0.075 1.11009e-11 	0 	0 	
0.085 4.65081e-11 	0 	0 	
0.095 1.89092e-10 	0 	0 	
0.105 7.46819e-10 	0 	0 	
0.115 2.86542e-09 	0 	0 	
0.125 1.06776e-08 	0 	0 	
0.135 3.86262e-08 	0 	0 	
0.145 1.35584e-07 	-9.78913e-31 	0 	
0.155 4.6155e-07 	3.26303e-31 	0 	
0.165 1.52287e-06 	0 	0 	
0.175 4.86717e-06 	0 	0 	
0.185 1.50582e-05 	0 	0 	
0.195 4.50663e-05 	0 	0 	
0.205 0.000130372 	0 	0 	
0.215 0.000364266 	0 	0 	
0.225 0.00098217 	3.26305e-31 	0 	
0.235 0.0025532 	1.63153e-30 	0 	
0.245 0.00639269 	6.52618e-31 	0 	
0.255 0.0154003 	0 	0 	
0.265 0.035656 	0 	0 	
0.275 0.0792483 	0 	0 	
0.285 0.16888 	0 	0 	
0.295 0.344648 	0 	0 	
0.305 0.672802 	0 	0 	
0.315 1.25511 	0 	0 	
0.325 2.23581 	0 	0 	
0.335 3.80169 	0 	0 	
0.345 6.1709 	0 	0 	
0.355 9.56813 	0 	0 	
0.365 14.189 	0 	0 	
0.375 20.1612 	0 	0 	
0.385 27.5122 	0 	0 	
0.395 36.1531 	0 	0 	
0.405 45.8804 	0 	0 	
0.415 56.3931 	0 	0 	
0.425 67.3186 	0 	0 	
0.435 78.2417 	0 	0 	
0.445 88.7357 	0 	0 	
0.455 98.3966 	0 	0 	
0.465 106.882 	0 	0 	
0.475 113.953 	0 	0 	
0.485 119.507 	0 	0 	
0.495 123.591 	0 	0 	
0.505 126.385 	0 	0 	
0.515 128.151 	0 	0 	
0.525 129.174 	0 	0 	
0.535 129.702 	0 	0 	
0.545 129.903 	0 	0 	
0.555 129.839 	0 	0 	
0.565 129.446 	0 	0 	
0.575 128.505 	-9.55092e-31 	0 	
0.585 126.614 	-3.26956e-31 	0 	
0.595 123.177 	0 	0 	
0.605 117.439 	0 	0 	
0.615 108.626 	0 	0 	
0.625 96.2361 	0 	0 	
0.635 80.4581 	0 	0 	
0.645 62.5239 	0 	0 	
0.655 44.6036 	0 	0 	
0.665 29.0287 	0 	0 	
0.675 17.2695 	0 	0 	
0.685 9.47866 	0 	0 	
0.695 4.86138 	0 	0 	
0.705 2.35785 	0 	0 	
0.715 1.09113 	0 	0 	
0.725 0.4845 	0 	0 	
0.735 0.207104 	0 	0 	
0.745 0.0853829 	0 	0 	
0.755 0.0339876 	0 	0 	
0.765 0.0130727 	0 	0 	
0.775 0.00486138 	0 	0 	
0.785 0.00174876 	0 	0 	
0.795 0.000608837 	0 	0 	
0.805 0.00020525 	-2.44728e-31 	0 	
0.815 6.70334e-05 	-1.95783e-30 	0 	
0.825 2.12195e-05 	0 	0 	
0.835 6.51351e-06 	0 	0 	
0.845 1.93969e-06 	0 	0 	
0.855 5.60636e-07 	0 	0 	
0.865 1.57341e-07 	0 	0 	
0.875 4.28941e-08 	0 	0 	
0.885 1.13635e-08 	0 	0 	
0.895 2.92645e-09 	0 	0 	
0.905 7.32881e-10 	0 	0 	
0.915 1.78554e-10 	0 	0 	
0.925 4.23449e-11 	0 	0 	
0.935 9.78495e-12 	0 	0 	
0.945 2.21313e-12 	0 	0 	
0.955 5.02584e-13 	0 	0 	
0.965 1.21237e-13 	0 	0 	
0.975 2.64518e-14 	0 	0 	
0.985 2.20432e-15 	0 	0 	
0.995 0 	0 	0 	
