0.005 273.15 303975
0.015 273.15 303975
0.025 273.15 303975
0.035 273.15 303975
0.045 273.15 303975
0.055 273.15 303975
0.065 273.15 303975
0.075 273.15 303975
0.085 273.15 303975
0.095 273.15 303975
0.105 273.15 303975
0.115 273.15 303975
0.125 273.15 303975
0.135 273.15 303975
0.145 273.15 303975
0.155 273.15 303975
0.165 273.15 303975
0.175 273.15 303975
0.185 273.15 303975
0.195 273.15 303975
0.205 273.15 303975
0.215 273.15 303975
0.225 273.15 303974
0.235 273.149 303971
0.245 273.148 303967
0.255 273.145 303955
0.265 273.138 303929
0.275 273.124 303874
0.285 273.094 303759
0.295 273.037 303533
0.305 272.929 303113
0.315 272.738 302369
0.325 272.418 301119
0.335 271.908 299133
0.345 271.141 296149
0.355 270.048 291914
0.365 268.573 286238
0.375 266.684 279039
0.385 264.382 270388
0.395 261.708 260508
0.405 258.74 249750
0.415 255.586 238546
0.425 252.378 227354
0.435 249.27 216613
0.445 246.435 206704
0.455 244.062 197927
0.465 242.364 190488
0.475 241.565 184481
0.485 241.9 179888
0.495 243.585 176585
0.505 246.788 174368
0.515 251.58 172988
0.525 257.893 172193
0.535 265.489 171764
0.545 273.946 171519
0.555 282.695 171306
0.565 291.089 170969
0.575 298.486 170308
0.585 304.334 169037
0.595 308.215 166775
0.605 309.86 163078
0.615 309.151 157559
0.625 306.161 150085
0.635 301.243 141007
0.645 295.111 131238
0.655 288.776 122021
0.665 283.232 114433
0.675 279.077 108959
0.685 276.363 105454
0.695 274.781 103424
0.705 273.935 102338
0.715 273.512 101793
0.725 273.31 101532
0.735 273.218 101414
0.745 273.178 101362
0.755 273.161 101340
0.765 273.154 101331
0.775 273.151 101327
0.785 273.15 101326
0.795 273.15 101325
0.805 273.15 101325
0.815 273.15 101325
0.825 273.15 101325
0.835 273.15 101325
0.845 273.15 101325
0.855 273.15 101325
0.865 273.15 101325
0.875 273.15 101325
0.885 273.15 101325
0.895 273.15 101325
0.905 273.15 101325
0.915 273.15 101325
0.925 273.15 101325
0.935 273.15 101325
0.945 273.15 101325
0.955 273.15 101325
0.965 273.15 101325
0.975 273.15 101325
0.985 273.15 101325
0.995 273.15 101325
