0.005 3.96996e-14 	0 	0 	
0.015 9.40507e-14 	0 	0 	
0.025 2.43944e-13 	0 	0 	
0.035 8.4058e-13 	0 	0 	
0.045 3.26827e-12 	0 	0 	
0.055 1.30731e-11 	0 	0 	
0.065 5.18866e-11 	0 	0 	
0.075 2.01221e-10 	0 	0 	
0.085 7.60089e-10 	0 	0 	
0.095 2.79459e-09 	0 	0 	
0.105 9.99646e-09 	0 	0 	
0.115 3.47757e-08 	0 	0 	
0.125 1.17601e-07 	0 	0 	
0.135 3.86401e-07 	0 	0 	
0.145 1.23291e-06 	-9.78913e-31 	0 	
0.155 3.81813e-06 	3.26303e-31 	0 	
0.165 1.14693e-05 	0 	0 	
0.175 3.33975e-05 	0 	0 	
0.185 9.42091e-05 	0 	0 	
0.195 0.000257253 	0 	0 	
0.205 0.000679492 	0 	0 	
0.215 0.00173465 	0 	0 	
0.225 0.00427625 	3.26308e-31 	0 	
0.235 0.0101704 	1.63156e-30 	0 	
0.245 0.0233138 	6.52647e-31 	0 	
0.255 0.0514564 	0 	0 	
0.265 0.109234 	0 	0 	
0.275 0.22279 	0 	0 	
0.285 0.436112 	0 	0 	
0.295 0.818554 	0 	0 	
0.305 1.47195 	0 	0 	
0.315 2.53453 	0 	0 	
0.325 4.1781 	0 	0 	
0.335 6.5955 	0 	0 	
0.345 9.97787 	0 	0 	
0.355 14.4848 	0 	0 	
0.365 20.2143 	0 	0 	
0.375 27.1797 	0 	0 	
0.385 35.2995 	0 	0 	
0.395 44.4018 	0 	0 	
0.405 54.2378 	0 	0 	
0.415 64.5023 	0 	0 	
0.425 74.8548 	0 	0 	
0.435 84.9409 	0 	0 	
0.445 94.4151 	0 	0 	
0.455 102.967 	0 	0 	
0.465 110.351 	0 	0 	
0.475 116.417 	0 	0 	
0.485 121.13 	0 	0 	
0.495 124.572 	0 	0 	
0.505 126.921 	0 	0 	
0.515 128.413 	0 	0 	
0.525 129.288 	0 	0 	
0.535 129.757 	0 	0 	
0.545 129.97 	0 	0 	
0.555 130.007 	0 	0 	
0.565 129.866 	0 	0 	
0.575 129.454 	-9.40346e-31 	0 	
0.585 128.557 	-3.21565e-31 	0 	
0.595 126.814 	0 	0 	
0.605 123.694 	0 	0 	
0.615 118.521 	0 	0 	
0.625 110.568 	0 	0 	
0.635 99.286 	0 	0 	
0.645 84.6606 	0 	0 	
0.655 67.5693 	0 	0 	
0.665 49.8384 	0 	0 	
0.675 33.708 	0 	0 	
0.685 20.8963 	0 	0 	
0.695 11.9564 	0 	0 	
0.705 6.38763 	0 	0 	
0.715 3.22482 	0 	0 	
0.725 1.55338 	0 	0 	
0.735 0.718554 	0 	0 	
0.745 0.320432 	0 	0 	
0.755 0.138058 	0 	0 	
0.765 0.0575415 	0 	0 	
0.775 0.0232188 	0 	0 	
0.785 0.00907567 	0 	0 	
0.795 0.00343798 	0 	0 	
0.805 0.00126271 	-2.44728e-31 	0 	
0.815 0.000449851 	-1.71309e-30 	0 	
0.825 0.000155519 	0 	0 	
0.835 5.21952e-05 	0 	0 	
0.845 1.70136e-05 	0 	0 	
0.855 5.38846e-06 	0 	0 	
0.865 1.65886e-06 	0 	0 	
0.875 4.96597e-07 	0 	0 	
0.885 1.44616e-07 	0 	0 	
0.895 4.09829e-08 	0 	0 	
0.905 1.13063e-08 	0 	0 	
0.915 3.03755e-09 	0 	0 	
0.925 7.94985e-10 	0 	0 	
0.935 2.02757e-10 	0 	0 	
0.945 5.04128e-11 	0 	0 	
0.955 1.22251e-11 	0 	0 	
0.965 2.9119e-12 	0 	0 	
0.975 6.87747e-13 	0 	0 	
0.985 1.49893e-13 	0 	0 	
0.995 3.45562e-14 	0 	0 	
