0.005 5.87817e-15 	0 	0 	
0.015 1.76345e-14 	0 	0 	
0.025 2.64518e-14 	0 	0 	
0.035 2.93908e-14 	0 	0 	
0.045 2.35127e-14 	0 	0 	
0.055 2.05736e-14 	0 	0 	
0.065 1.76345e-14 	0 	0 	
0.075 -2.64516e-14 	0 	0 	
0.085 -7.6416e-14 	0 	0 	
0.095 -3.8208e-14 	0 	0 	
0.105 3.5269e-14 	0 	0 	
0.115 5.58426e-14 	0 	0 	
0.125 4.40863e-14 	0 	0 	
0.135 4.38947e-25 	0 	0 	
0.145 -7.0538e-14 	-1.14206e-30 	0 	
0.155 -9.69898e-14 	0 	0 	
0.165 -7.34771e-14 	0 	0 	
0.175 -5.58426e-14 	0 	0 	
0.185 -2.64518e-14 	0 	0 	
0.195 3.23299e-14 	0 	0 	
0.205 6.17208e-14 	0 	0 	
0.215 2.93908e-14 	0 	0 	
0.225 5.87817e-15 	0 	0 	
0.235 2.05736e-14 	2.28413e-30 	0 	
0.245 1.17564e-14 	0 	0 	
0.255 -8.81725e-15 	0 	0 	
0.265 -2.50001e-20 	0 	0 	
0.275 1.17563e-14 	0 	0 	
0.285 1.76345e-14 	0 	0 	
0.295 2.64517e-14 	0 	0 	
0.305 2.93908e-14 	0 	0 	
0.315 4.11472e-14 	0 	0 	
0.325 5.58426e-14 	0 	0 	
0.335 3.52691e-14 	0 	0 	
0.345 -1.76345e-14 	0 	0 	
0.355 -4.99645e-14 	0 	0 	
0.365 -4.11472e-14 	0 	0 	
0.375 -4.40863e-14 	0 	0 	
0.385 -5.87818e-14 	0 	0 	
0.395 -3.82081e-14 	0 	0 	
0.405 -5.87815e-15 	0 	0 	
0.415 1.46954e-14 	0 	0 	
0.425 2.05736e-14 	0 	0 	
0.435 1.46954e-14 	0 	0 	
0.445 5.87815e-15 	0 	0 	
0.455 0.261505 	0 	0 	
0.465 6.62171 	0 	0 	
0.475 30.089 	0 	0 	
0.485 70.9934 	0 	0 	
0.495 112.448 	0 	0 	
0.505 132.067 	0 	0 	
0.515 122.746 	0 	0 	
0.525 89.1237 	0 	0 	
0.535 42.0295 	0 	0 	
0.545 8.8 	0 	0 	
0.555 0.0324363 	0 	0 	
0.565 -2.42474e-14 	0 	0 	
0.575 -1.54302e-14 	0 	0 	
0.585 1.32259e-14 	0 	0 	
0.595 1.54302e-14 	0 	0 	
0.605 -8.81725e-15 	0 	0 	
0.615 -1.76345e-14 	0 	0 	
0.625 -8.81727e-15 	0 	0 	
0.635 -1.32259e-14 	0 	0 	
0.645 -1.98388e-14 	0 	0 	
0.655 -1.98388e-14 	0 	0 	
0.665 -3.74733e-14 	0 	0 	
0.675 -3.96777e-14 	0 	0 	
0.685 4.99967e-21 	0 	0 	
0.695 5.06992e-14 	0 	0 	
0.705 7.49467e-14 	0 	0 	
0.715 4.84949e-14 	0 	0 	
0.725 1.10216e-14 	0 	0 	
0.735 0 	0 	0 	
0.745 0 	0 	0 	
0.755 -2.20431e-15 	0 	0 	
0.765 -2.20432e-15 	0 	0 	
0.775 -2.20431e-15 	0 	0 	
0.785 -1.76345e-14 	0 	0 	
0.795 -3.08604e-14 	0 	0 	
0.805 -1.32259e-14 	0 	0 	
0.815 1.54302e-14 	-1.7131e-30 	0 	
0.825 2.20432e-14 	0 	0 	
0.835 1.32259e-14 	0 	0 	
0.845 8.81726e-15 	0 	0 	
0.855 -2.2043e-15 	0 	0 	
0.865 -1.98388e-14 	0 	0 	
0.875 -1.10216e-14 	0 	0 	
0.885 1.32259e-14 	0 	0 	
0.895 1.76345e-14 	0 	0 	
0.905 -2.20432e-15 	0 	0 	
0.915 -2.86561e-14 	0 	0 	
0.925 -2.64518e-14 	0 	0 	
0.935 2.20433e-15 	0 	0 	
0.945 2.42475e-14 	0 	0 	
0.955 1.98388e-14 	0 	0 	
0.965 -2.20431e-15 	0 	0 	
0.975 -5.00016e-21 	0 	0 	
0.985 1.54302e-14 	0 	0 	
0.995 8.81725e-15 	0 	0 	
