0.005 273.15 303975
0.015 273.15 303975
0.025 273.15 303975
0.035 273.15 303975
0.045 273.15 303975
0.055 273.15 303975
0.065 273.15 303975
0.075 273.15 303975
0.085 273.15 303975
0.095 273.15 303975
0.105 273.15 303975
0.115 273.15 303975
0.125 273.15 303975
0.135 273.15 303975
0.145 273.15 303975
0.155 273.15 303975
0.165 273.15 303975
0.175 273.15 303975
0.185 273.15 303975
0.195 273.15 303975
0.205 273.15 303974
0.215 273.15 303973
0.225 273.149 303970
0.235 273.147 303964
0.245 273.143 303950
0.255 273.136 303919
0.265 273.12 303857
0.275 273.089 303735
0.285 273.03 303507
0.295 272.925 303099
0.305 272.746 302403
0.315 272.456 301275
0.325 272.007 299531
0.335 271.344 296965
0.345 270.41 293367
0.355 269.151 288553
0.365 267.525 282393
0.375 265.503 274839
0.385 263.079 265936
0.395 260.267 255825
0.405 257.102 244742
0.415 253.649 233007
0.425 249.998 221016
0.435 246.281 209245
0.445 242.677 198251
0.455 239.421 188654
0.465 236.777 181056
0.475 234.968 175835
0.485 234.013 172906
0.495 233.808 171673
0.505 234.782 171331
0.515 238.294 171289
0.525 245.856 171295
0.535 257.838 171295
0.545 272.822 171280
0.555 288.105 171232
0.565 300.987 171112
0.575 309.977 170840
0.585 315.077 170270
0.595 317.159 169166
0.605 317.165 167191
0.615 315.675 163937
0.625 312.881 159016
0.635 308.782 152224
0.645 303.44 143749
0.655 297.2 134299
0.665 290.754 124985
0.675 284.942 116926
0.685 280.385 110799
0.695 277.252 106667
0.705 275.326 104152
0.715 274.244 102745
0.725 273.675 102007
0.735 273.393 101640
0.745 273.258 101465
0.755 273.197 101386
0.765 273.169 101350
0.775 273.158 101335
0.785 273.153 101329
0.795 273.151 101326
0.805 273.15 101325
0.815 273.15 101325
0.825 273.15 101325
0.835 273.15 101325
0.845 273.15 101325
0.855 273.15 101325
0.865 273.15 101325
0.875 273.15 101325
0.885 273.15 101325
0.895 273.15 101325
0.905 273.15 101325
0.915 273.15 101325
0.925 273.15 101325
0.935 273.15 101325
0.945 273.15 101325
0.955 273.15 101325
0.965 273.15 101325
0.975 273.15 101325
0.985 273.15 101325
0.995 273.15 101325
