0.005 273.15 303975
0.015 273.15 303975
0.025 273.15 303975
0.035 273.15 303975
0.045 273.15 303975
0.055 273.15 303975
0.065 273.15 303975
0.075 273.15 303975
0.085 273.15 303975
0.095 273.15 303975
0.105 273.15 303975
0.115 273.15 303975
0.125 273.15 303975
0.135 273.15 303975
0.145 273.15 303975
0.155 273.15 303975
0.165 273.15 303975
0.175 273.15 303975
0.185 273.15 303975
0.195 273.15 303975
0.205 273.15 303975
0.215 273.15 303975
0.225 273.15 303975
0.235 273.15 303975
0.245 273.15 303975
0.255 273.15 303974
0.265 273.149 303972
0.275 273.148 303968
0.285 273.145 303957
0.295 273.138 303930
0.305 273.123 303868
0.315 273.088 303732
0.325 273.016 303451
0.335 272.876 302904
0.345 272.619 301902
0.355 272.177 300174
0.365 271.462 297384
0.375 270.38 293168
0.385 268.843 287211
0.395 266.794 279341
0.405 264.226 269602
0.415 261.197 258286
0.425 257.827 245904
0.435 254.298 233103
0.445 250.843 220565
0.455 247.745 208919
0.465 245.329 198673
0.475 243.956 190160
0.485 244 183523
0.495 245.802 178702
0.505 249.599 175469
0.515 255.437 173480
0.525 263.1 172344
0.535 272.076 171681
0.545 281.591 171128
0.555 290.706 170309
0.565 298.458 168783
0.575 304.006 166019
0.585 306.746 161463
0.595 306.408 154728
0.605 303.152 145883
0.615 297.668 135691
0.625 291.147 125505
0.635 284.953 116745
0.645 280.086 110254
0.655 276.848 106064
0.665 274.97 103661
0.675 273.99 102407
0.685 273.518 101800
0.695 273.304 101524
0.705 273.212 101405
0.715 273.174 101356
0.725 273.159 101336
0.735 273.153 101329
0.745 273.151 101326
0.755 273.15 101325
0.765 273.15 101325
0.775 273.15 101325
0.785 273.15 101325
0.795 273.15 101325
0.805 273.15 101325
0.815 273.15 101325
0.825 273.15 101325
0.835 273.15 101325
0.845 273.15 101325
0.855 273.15 101325
0.865 273.15 101325
0.875 273.15 101325
0.885 273.15 101325
0.895 273.15 101325
0.905 273.15 101325
0.915 273.15 101325
0.925 273.15 101325
0.935 273.15 101325
0.945 273.15 101325
0.955 273.15 101325
0.965 273.15 101325
0.975 273.15 101325
0.985 273.15 101325
0.995 273.15 101325
