0.005 0 	0 	0 	
0.015 1.17563e-14 	0 	0 	
0.025 4.11472e-14 	0 	0 	
0.035 6.17208e-14 	0 	0 	
0.045 5.58426e-14 	0 	0 	
0.055 2.64518e-14 	0 	0 	
0.065 -1.17563e-14 	0 	0 	
0.075 -4.70254e-14 	0 	0 	
0.085 -5.29036e-14 	0 	0 	
0.095 5.87815e-15 	0 	0 	
0.105 5.87817e-14 	0 	0 	
0.115 4.40863e-14 	0 	0 	
0.125 1.46954e-14 	0 	0 	
0.135 -3.82082e-14 	0 	0 	
0.145 -1.02868e-13 	-1.63152e-30 	0 	
0.155 -1.02868e-13 	0 	0 	
0.165 -7.93553e-14 	0 	0 	
0.175 -6.17208e-14 	0 	0 	
0.185 -2.64518e-14 	0 	0 	
0.195 1.46954e-14 	0 	0 	
0.205 4.11472e-14 	0 	0 	
0.215 3.5269e-14 	0 	0 	
0.225 3.23299e-14 	0 	0 	
0.235 4.11472e-14 	1.63152e-30 	0 	
0.245 6.75989e-14 	0 	0 	
0.255 5.14339e-13 	0 	0 	
0.265 5.15809e-12 	0 	0 	
0.275 4.92121e-11 	0 	0 	
0.285 4.35035e-10 	0 	0 	
0.295 3.55617e-09 	0 	0 	
0.305 2.6903e-08 	0 	0 	
0.315 1.88422e-07 	0 	0 	
0.325 1.22165e-06 	0 	0 	
0.335 7.32887e-06 	0 	0 	
0.345 4.06451e-05 	0 	0 	
0.355 0.000208097 	0 	0 	
0.365 0.000981773 	0 	0 	
0.375 0.00425804 	0 	0 	
0.385 0.0169271 	0 	0 	
0.395 0.0614624 	0 	0 	
0.405 0.203038 	0 	0 	
0.415 0.60778 	0 	0 	
0.425 1.64308 	0 	0 	
0.435 4.00452 	0 	0 	
0.445 8.80524 	0 	0 	
0.455 17.5299 	0 	0 	
0.465 31.7754 	0 	0 	
0.475 52.7211 	0 	0 	
0.485 79.8409 	0 	0 	
0.495 106.166 	0 	0 	
0.505 121.079 	0 	0 	
0.515 121.769 	0 	0 	
0.525 111.216 	0 	0 	
0.535 91.2925 	0 	0 	
0.545 65.2362 	0 	0 	
0.555 39.4043 	0 	0 	
0.565 19.8258 	0 	0 	
0.575 8.36675 	0 	0 	
0.585 3.03647 	0 	0 	
0.595 0.974924 	0 	0 	
0.605 0.282509 	0 	0 	
0.615 0.0747 	0 	0 	
0.625 0.0181272 	0 	0 	
0.635 0.00405063 	0 	0 	
0.645 0.000835382 	0 	0 	
0.655 0.000159277 	0 	0 	
0.665 2.81111e-05 	0 	0 	
0.675 4.59677e-06 	0 	0 	
0.685 6.96811e-07 	0 	0 	
0.695 9.79363e-08 	0 	0 	
0.705 1.27606e-08 	0 	0 	
0.715 1.5405e-09 	0 	0 	
0.725 1.72168e-10 	0 	0 	
0.735 1.78065e-11 	0 	0 	
0.745 1.71496e-12 	0 	0 	
0.755 1.56506e-13 	0 	0 	
0.765 1.10216e-14 	0 	0 	
0.775 -2.20431e-15 	0 	0 	
0.785 -1.32259e-14 	0 	0 	
0.795 -1.76345e-14 	0 	0 	
0.805 4.99984e-21 	0 	0 	
0.815 1.54302e-14 	-2.20255e-30 	0 	
0.825 1.32259e-14 	0 	0 	
0.835 4.40863e-15 	0 	0 	
0.845 0 	0 	0 	
0.855 -2.20431e-15 	0 	0 	
0.865 -1.10216e-14 	0 	0 	
0.875 -8.81727e-15 	0 	0 	
0.885 8.81726e-15 	0 	0 	
0.895 1.10216e-14 	0 	0 	
0.905 -2.20431e-15 	0 	0 	
0.915 -1.54302e-14 	0 	0 	
0.925 -1.76345e-14 	0 	0 	
0.935 -1.62845e-25 	0 	0 	
0.945 1.76345e-14 	0 	0 	
0.955 1.54302e-14 	0 	0 	
0.965 4.40863e-15 	0 	0 	
0.975 0 	0 	0 	
0.985 0 	0 	0 	
0.995 0 	0 	0 	
