0.005 2.15679e-14 	0 	0 	
0.015 3.23299e-14 	0 	0 	
0.025 3.82081e-14 	0 	0 	
0.035 5.29035e-14 	0 	0 	
0.045 6.46599e-14 	0 	0 	
0.055 4.70254e-14 	0 	0 	
0.065 1.17563e-14 	0 	0 	
0.075 -2.05736e-14 	0 	0 	
0.085 -2.35127e-14 	0 	0 	
0.095 5.87817e-15 	0 	0 	
0.105 1.46955e-14 	0 	0 	
0.115 2.9391e-15 	0 	0 	
0.125 -1.17563e-14 	0 	0 	
0.135 -5.29035e-14 	0 	0 	
0.145 -1.02868e-13 	-3.42619e-30 	0 	
0.155 -1.38137e-13 	0 	0 	
0.165 -1.6165e-13 	0 	0 	
0.175 -1.70467e-13 	0 	0 	
0.185 -1.49893e-13 	0 	0 	
0.195 -8.52336e-14 	0 	0 	
0.205 -8.8173e-15 	0 	0 	
0.215 2.93908e-14 	0 	0 	
0.225 4.70253e-14 	0 	0 	
0.235 6.7599e-14 	6.85239e-30 	0 	
0.245 5.58427e-14 	0 	0 	
0.255 3.233e-14 	0 	0 	
0.265 7.93553e-14 	0 	0 	
0.275 1.44015e-13 	0 	0 	
0.285 1.35198e-13 	0 	0 	
0.295 9.99288e-14 	0 	0 	
0.305 7.34772e-14 	0 	0 	
0.315 5.29036e-14 	0 	0 	
0.325 4.40863e-14 	0 	0 	
0.335 2.93909e-14 	0 	0 	
0.345 -2.9391e-15 	0 	0 	
0.355 -3.82081e-14 	0 	0 	
0.365 -7.64162e-14 	0 	0 	
0.375 -1.38137e-13 	0 	0 	
0.385 -1.93979e-13 	0 	0 	
0.395 -1.91041e-13 	0 	0 	
0.405 -1.35198e-13 	0 	0 	
0.415 2.29437 	0 	0 	
0.425 12.2932 	0 	0 	
0.435 32.0879 	0 	0 	
0.445 57.7774 	0 	0 	
0.455 84.5323 	0 	0 	
0.465 107.498 	0 	0 	
0.475 122.772 	0 	0 	
0.485 130.074 	0 	0 	
0.495 131.475 	0 	0 	
0.505 130.374 	0 	0 	
0.515 129.278 	0 	0 	
0.525 128.965 	0 	0 	
0.535 129.532 	0 	0 	
0.545 130.092 	0 	0 	
0.555 130.659 	0 	0 	
0.565 129.566 	0 	0 	
0.575 118.062 	-1.71433e-30 	0 	
0.585 85.4984 	0 	0 	
0.595 39.8675 	0 	0 	
0.605 8.48824 	0 	0 	
0.615 0.0652695 	0 	0 	
0.625 -8.37639e-14 	0 	0 	
0.635 -7.93553e-14 	0 	0 	
0.645 -3.74734e-14 	0 	0 	
0.655 2.20432e-15 	0 	0 	
0.665 -6.61295e-15 	0 	0 	
0.675 -1.98389e-14 	0 	0 	
0.685 1.98388e-14 	0 	0 	
0.695 5.73122e-14 	0 	0 	
0.705 5.51079e-14 	0 	0 	
0.715 5.73122e-14 	0 	0 	
0.725 7.49467e-14 	0 	0 	
0.735 7.05381e-14 	0 	0 	
0.745 3.52691e-14 	0 	0 	
0.755 6.61295e-15 	0 	0 	
0.765 2.20431e-15 	0 	0 	
0.775 5.00005e-21 	0 	0 	
0.785 -1.54302e-14 	0 	0 	
0.795 -1.98388e-14 	0 	0 	
0.805 6.61295e-15 	0 	0 	
0.815 3.08604e-14 	-5.13929e-30 	0 	
0.825 2.64518e-14 	0 	0 	
0.835 1.32259e-14 	0 	0 	
0.845 1.76345e-14 	0 	0 	
0.855 3.5269e-14 	0 	0 	
0.865 3.08604e-14 	0 	0 	
0.875 -6.61295e-15 	0 	0 	
0.885 -3.52691e-14 	0 	0 	
0.895 -3.30648e-14 	0 	0 	
0.905 -3.74734e-14 	0 	0 	
0.915 -5.73122e-14 	0 	0 	
0.925 -4.62906e-14 	0 	0 	
0.935 6.61295e-15 	0 	0 	
0.945 5.73122e-14 	0 	0 	
0.955 6.17208e-14 	0 	0 	
0.965 2.64518e-14 	0 	0 	
0.975 -4.99995e-21 	0 	0 	
0.985 -2.20432e-15 	0 	0 	
0.995 -2.44728e-31 	0 	0 	
