0.005 273.15 303975
0.015 273.15 303975
0.025 273.15 303975
0.035 273.15 303975
0.045 273.15 303975
0.055 273.15 303975
0.065 273.15 303975
0.075 273.15 303975
0.085 273.15 303975
0.095 273.15 303975
0.105 273.15 303975
0.115 273.15 303975
0.125 273.15 303975
0.135 273.15 303975
0.145 273.15 303975
0.155 273.15 303975
0.165 273.15 303975
0.175 273.15 303975
0.185 273.15 303975
0.195 273.15 303975
0.205 273.15 303975
0.215 273.15 303975
0.225 273.15 303975
0.235 273.15 303975
0.245 273.15 303975
0.255 273.15 303975
0.265 273.15 303975
0.275 273.15 303975
0.285 273.15 303975
0.295 273.15 303975
0.305 273.15 303975
0.315 273.15 303975
0.325 273.15 303975
0.335 273.15 303975
0.345 273.15 303975
0.355 273.15 303975
0.365 273.15 303975
0.375 273.15 303975
0.385 273.15 303975
0.395 273.15 303975
0.405 273.15 303975
0.415 272.406 301094
0.425 269.159 288862
0.435 262.77 265790
0.445 254.582 238001
0.455 246.216 211645
0.465 238.908 190375
0.475 234.316 177422
0.485 232.698 172764
0.495 232.198 171795
0.505 233.624 171318
0.515 243.47 170993
0.525 267.023 170786
0.535 295.381 170871
0.545 313.569 171709
0.555 319.398 172282
0.565 319.207 170886
0.575 315 163839
0.585 303.448 145165
0.595 287.129 120586
0.605 276.088 105153
0.615 273.172 101353
0.625 273.15 101325
0.635 273.15 101325
0.645 273.15 101325
0.655 273.15 101325
0.665 273.15 101325
0.675 273.15 101325
0.685 273.15 101325
0.695 273.15 101325
0.705 273.15 101325
0.715 273.15 101325
0.725 273.15 101325
0.735 273.15 101325
0.745 273.15 101325
0.755 273.15 101325
0.765 273.15 101325
0.775 273.15 101325
0.785 273.15 101325
0.795 273.15 101325
0.805 273.15 101325
0.815 273.15 101325
0.825 273.15 101325
0.835 273.15 101325
0.845 273.15 101325
0.855 273.15 101325
0.865 273.15 101325
0.875 273.15 101325
0.885 273.15 101325
0.895 273.15 101325
0.905 273.15 101325
0.915 273.15 101325
0.925 273.15 101325
0.935 273.15 101325
0.945 273.15 101325
0.955 273.15 101325
0.965 273.15 101325
0.975 273.15 101325
0.985 273.15 101325
0.995 273.15 101325
