0.005 273.15 303975
0.015 273.15 303975
0.025 273.15 303975
0.035 273.15 303975
0.045 273.15 303975
0.055 273.15 303975
0.065 273.15 303975
0.075 273.15 303975
0.085 273.15 303975
0.095 273.15 303975
0.105 273.15 303975
0.115 273.15 303975
0.125 273.15 303975
0.135 273.15 303975
0.145 273.15 303975
0.155 273.15 303975
0.165 273.15 303975
0.175 273.15 303975
0.185 273.15 303975
0.195 273.15 303975
0.205 273.15 303975
0.215 273.15 303975
0.225 273.15 303975
0.235 273.15 303975
0.245 273.15 303975
0.255 273.15 303975
0.265 273.15 303975
0.275 273.15 303974
0.285 273.149 303972
0.295 273.147 303966
0.305 273.144 303952
0.315 273.135 303916
0.325 273.113 303832
0.335 273.067 303650
0.345 272.97 303273
0.355 272.783 302545
0.365 272.444 301225
0.375 271.868 298986
0.385 270.95 295434
0.395 269.581 290158
0.405 267.656 282815
0.415 265.101 273210
0.425 261.887 261376
0.435 258.044 247616
0.445 253.678 232517
0.455 248.988 216953
0.465 244.301 202068
0.475 240.102 189218
0.485 237.03 179697
0.495 236.224 174130
0.505 239.693 171869
0.515 249.278 171340
0.525 264.65 171226
0.535 282.573 170972
0.545 298.441 170294
0.555 308.965 168773
0.565 313.513 165813
0.575 313.234 160777
0.585 309.559 153284
0.595 303.591 143589
0.605 296.356 132773
0.615 289.071 122466
0.625 282.916 114110
0.635 278.529 108315
0.645 275.847 104822
0.655 274.403 102949
0.665 273.696 102033
0.675 273.375 101618
0.685 273.238 101440
0.695 273.183 101368
0.705 273.162 101341
0.715 273.154 101330
0.725 273.151 101327
0.735 273.15 101325
0.745 273.15 101325
0.755 273.15 101325
0.765 273.15 101325
0.775 273.15 101325
0.785 273.15 101325
0.795 273.15 101325
0.805 273.15 101325
0.815 273.15 101325
0.825 273.15 101325
0.835 273.15 101325
0.845 273.15 101325
0.855 273.15 101325
0.865 273.15 101325
0.875 273.15 101325
0.885 273.15 101325
0.895 273.15 101325
0.905 273.15 101325
0.915 273.15 101325
0.925 273.15 101325
0.935 273.15 101325
0.945 273.15 101325
0.955 273.15 101325
0.965 273.15 101325
0.975 273.15 101325
0.985 273.15 101325
0.995 273.15 101325
