0.005 2.79433e-14 	0 	0 	
0.015 4.70253e-14 	0 	0 	
0.025 7.93552e-14 	0 	0 	
0.035 9.69896e-14 	0 	0 	
0.045 7.64162e-14 	0 	0 	
0.055 4.11472e-14 	0 	0 	
0.065 2.9244e-25 	0 	0 	
0.075 -2.64518e-14 	0 	0 	
0.085 -8.81725e-15 	0 	0 	
0.095 5.58427e-14 	0 	0 	
0.105 2.93909e-13 	0 	0 	
0.115 1.53714e-12 	0 	0 	
0.125 7.74155e-12 	0 	0 	
0.135 3.71413e-11 	0 	0 	
0.145 1.71693e-10 	-3.58934e-30 	0 	
0.155 7.66382e-10 	9.78913e-31 	0 	
0.165 3.30399e-09 	0 	0 	
0.175 1.3755e-08 	0 	0 	
0.185 5.52735e-08 	0 	0 	
0.195 2.1426e-07 	0 	0 	
0.205 8.00659e-07 	0 	0 	
0.215 2.88215e-06 	0 	0 	
0.225 9.98623e-06 	0 	0 	
0.235 3.32758e-05 	7.83129e-30 	0 	
0.245 0.000106534 	3.26303e-31 	0 	
0.255 0.000327369 	0 	0 	
0.265 0.000964481 	0 	0 	
0.275 0.00272105 	0 	0 	
0.285 0.00734181 	0 	0 	
0.295 0.0189185 	0 	0 	
0.305 0.0464888 	0 	0 	
0.315 0.108775 	0 	0 	
0.325 0.241975 	0 	0 	
0.335 0.511067 	0 	0 	
0.345 1.02369 	0 	0 	
0.355 1.94341 	0 	0 	
0.365 3.4968 	0 	0 	
0.375 5.96816 	0 	0 	
0.385 9.67878 	0 	0 	
0.395 14.9537 	0 	0 	
0.405 22.0878 	0 	0 	
0.415 31.313 	0 	0 	
0.425 42.7267 	0 	0 	
0.435 56.1801 	0 	0 	
0.445 71.1522 	0 	0 	
0.455 86.5842 	0 	0 	
0.465 100.863 	0 	0 	
0.475 112.354 	0 	0 	
0.485 120.3 	0 	0 	
0.495 125.11 	0 	0 	
0.505 127.739 	0 	0 	
0.515 129.066 	0 	0 	
0.525 129.649 	0 	0 	
0.535 129.701 	0 	0 	
0.545 129.2 	0 	0 	
0.555 127.873 	0 	0 	
0.565 125.115 	0 	0 	
0.575 120.027 	-1.87951e-30 	0 	
0.585 111.59 	-8.83955e-31 	0 	
0.595 99.043 	0 	0 	
0.605 82.456 	0 	0 	
0.615 63.2309 	0 	0 	
0.625 43.9959 	0 	0 	
0.635 27.564 	0 	0 	
0.645 15.5854 	0 	0 	
0.655 8.04139 	0 	0 	
0.665 3.84269 	0 	0 	
0.675 1.72371 	0 	0 	
0.685 0.732723 	0 	0 	
0.695 0.296873 	0 	0 	
0.705 0.115024 	0 	0 	
0.715 0.0426996 	0 	0 	
0.725 0.0152061 	0 	0 	
0.735 0.00519964 	0 	0 	
0.745 0.00170861 	0 	0 	
0.755 0.00053994 	0 	0 	
0.765 0.000164206 	0 	0 	
0.775 4.80917e-05 	0 	0 	
0.785 1.35728e-05 	0 	0 	
0.795 3.69364e-06 	0 	0 	
0.805 9.69804e-07 	-1.22364e-31 	0 	
0.815 2.45809e-07 	-7.34184e-30 	0 	
0.825 6.0176e-08 	0 	0 	
0.835 1.42354e-08 	0 	0 	
0.845 3.25561e-09 	0 	0 	
0.855 7.20112e-10 	0 	0 	
0.865 1.54148e-10 	0 	0 	
0.875 3.19582e-11 	0 	0 	
0.885 6.41014e-12 	0 	0 	
0.895 1.23882e-12 	0 	0 	
0.905 2.35862e-13 	0 	0 	
0.915 3.74733e-14 	0 	0 	
0.925 -8.81727e-15 	0 	0 	
0.935 -1.62845e-25 	0 	0 	
0.945 1.76345e-14 	0 	0 	
0.955 1.54302e-14 	0 	0 	
0.965 4.40863e-15 	0 	0 	
0.975 0 	0 	0 	
0.985 0 	0 	0 	
0.995 0 	0 	0 	
