0.005 2.79433e-14 	0 	0 	
0.015 4.70253e-14 	0 	0 	
0.025 7.93552e-14 	0 	0 	
0.035 9.99287e-14 	0 	0 	
0.045 8.81725e-14 	0 	0 	
0.055 4.99645e-14 	0 	0 	
0.065 -8.81725e-15 	0 	0 	
0.075 -4.11472e-14 	0 	0 	
0.085 -2.35127e-14 	0 	0 	
0.095 8.81722e-15 	0 	0 	
0.105 2.05736e-14 	0 	0 	
0.115 -5.87817e-15 	0 	0 	
0.125 -4.40863e-14 	0 	0 	
0.135 -6.7599e-14 	0 	0 	
0.145 7.93554e-14 	-2.77358e-30 	0 	
0.155 1.29026e-12 	9.78913e-31 	0 	
0.165 8.12952e-12 	0 	0 	
0.175 4.47448e-11 	0 	0 	
0.185 2.33334e-10 	0 	0 	
0.195 1.16632e-09 	0 	0 	
0.205 5.59736e-09 	0 	0 	
0.215 2.57839e-08 	0 	0 	
0.225 1.13928e-07 	0 	0 	
0.235 4.82511e-07 	5.87348e-30 	0 	
0.245 1.95715e-06 	3.26303e-31 	0 	
0.255 7.59607e-06 	0 	0 	
0.265 2.81814e-05 	0 	0 	
0.275 9.98302e-05 	0 	0 	
0.285 0.00033725 	0 	0 	
0.295 0.00108503 	0 	0 	
0.305 0.00331957 	0 	0 	
0.315 0.00964173 	0 	0 	
0.325 0.0265392 	0 	0 	
0.335 0.0690965 	0 	0 	
0.345 0.169826 	0 	0 	
0.355 0.393288 	0 	0 	
0.365 0.85676 	0 	0 	
0.375 1.7537 	0 	0 	
0.385 3.37165 	0 	0 	
0.395 6.09286 	0 	0 	
0.405 10.3679 	0 	0 	
0.415 16.6629 	0 	0 	
0.425 25.3936 	0 	0 	
0.435 36.8732 	0 	0 	
0.445 51.2079 	0 	0 	
0.455 68.0169 	0 	0 	
0.465 85.9879 	0 	0 	
0.475 102.627 	0 	0 	
0.485 115.252 	0 	0 	
0.495 122.963 	0 	0 	
0.505 126.931 	0 	0 	
0.515 128.729 	0 	0 	
0.525 129.196 	0 	0 	
0.535 128.458 	0 	0 	
0.545 126.086 	0 	0 	
0.555 121.144 	0 	0 	
0.565 112.399 	0 	0 	
0.575 98.9047 	-2.02104e-30 	0 	
0.585 80.8232 	-9.69955e-31 	0 	
0.595 60.0539 	0 	0 	
0.605 39.9042 	0 	0 	
0.615 23.5444 	0 	0 	
0.625 12.3958 	0 	0 	
0.635 5.90755 	0 	0 	
0.645 2.59246 	0 	0 	
0.655 1.06242 	0 	0 	
0.665 0.410328 	0 	0 	
0.675 0.150148 	0 	0 	
0.685 0.0522121 	0 	0 	
0.695 0.017286 	0 	0 	
0.705 0.00545596 	0 	0 	
0.715 0.00164355 	0 	0 	
0.725 0.000472998 	0 	0 	
0.735 0.000130166 	0 	0 	
0.745 3.42826e-05 	0 	0 	
0.755 8.64835e-06 	0 	0 	
0.765 2.09122e-06 	0 	0 	
0.775 4.85038e-07 	0 	0 	
0.785 1.07977e-07 	0 	0 	
0.795 2.30846e-08 	0 	0 	
0.805 4.74205e-09 	-1.22364e-31 	0 	
0.815 9.36413e-10 	-5.62874e-30 	0 	
0.825 1.77827e-10 	0 	0 	
0.835 3.24718e-11 	0 	0 	
0.845 5.68713e-12 	0 	0 	
0.855 9.63287e-13 	0 	0 	
0.865 1.7855e-13 	0 	0 	
0.875 5.06992e-14 	0 	0 	
0.885 2.64518e-14 	0 	0 	
0.895 1.54302e-14 	0 	0 	
0.905 1.08657e-25 	0 	0 	
0.915 -1.54302e-14 	0 	0 	
0.925 -1.76345e-14 	0 	0 	
0.935 -1.62845e-25 	0 	0 	
0.945 1.76345e-14 	0 	0 	
0.955 1.54302e-14 	0 	0 	
0.965 4.40863e-15 	0 	0 	
0.975 0 	0 	0 	
0.985 0 	0 	0 	
0.995 0 	0 	0 	
