0.005 273.15 303975
0.015 273.15 303975
0.025 273.15 303975
0.035 273.15 303975
0.045 273.15 303975
0.055 273.15 303975
0.065 273.15 303975
0.075 273.15 303975
0.085 273.15 303975
0.095 273.15 303975
0.105 273.15 303975
0.115 273.15 303975
0.125 273.15 303975
0.135 273.15 303975
0.145 273.15 303975
0.155 273.15 303975
0.165 273.15 303975
0.175 273.15 303975
0.185 273.15 303975
0.195 273.15 303975
0.205 273.15 303975
0.215 273.15 303975
0.225 273.15 303975
0.235 273.15 303975
0.245 273.15 303975
0.255 273.15 303975
0.265 273.15 303975
0.275 273.15 303975
0.285 273.15 303974
0.295 273.149 303972
0.305 273.148 303967
0.315 273.145 303954
0.325 273.136 303919
0.335 273.114 303835
0.345 273.066 303645
0.355 272.963 303244
0.365 272.759 302450
0.375 272.383 300987
0.385 271.736 298472
0.395 270.695 294445
0.405 269.132 288430
0.415 266.925 280034
0.425 263.983 269032
0.435 260.263 255442
0.445 255.806 239658
0.455 250.815 222650
0.465 245.816 206087
0.475 241.879 192108
0.485 240.435 182278
0.495 242.413 176531
0.505 247.816 173575
0.515 256.472 172101
0.525 268.153 171271
0.535 281.479 170503
0.545 294.036 169199
0.555 303.515 166663
0.565 308.449 162160
0.575 308.499 155148
0.585 304.392 145686
0.595 297.658 134740
0.605 290.197 123994
0.615 283.661 115089
0.625 278.928 108831
0.635 276.021 105045
0.645 274.462 103025
0.655 273.71 102052
0.665 273.375 101618
0.675 273.236 101437
0.685 273.181 101366
0.695 273.161 101339
0.705 273.154 101330
0.715 273.151 101326
0.725 273.15 101325
0.735 273.15 101325
0.745 273.15 101325
0.755 273.15 101325
0.765 273.15 101325
0.775 273.15 101325
0.785 273.15 101325
0.795 273.15 101325
0.805 273.15 101325
0.815 273.15 101325
0.825 273.15 101325
0.835 273.15 101325
0.845 273.15 101325
0.855 273.15 101325
0.865 273.15 101325
0.875 273.15 101325
0.885 273.15 101325
0.895 273.15 101325
0.905 273.15 101325
0.915 273.15 101325
0.925 273.15 101325
0.935 273.15 101325
0.945 273.15 101325
0.955 273.15 101325
0.965 273.15 101325
0.975 273.15 101325
0.985 273.15 101325
0.995 273.15 101325
