0.005 2.45524e-13 	0 	0 	
0.015 8.90543e-13 	0 	0 	
0.025 3.35056e-12 	0 	0 	
0.035 1.28379e-11 	0 	0 	
0.045 4.8677e-11 	0 	0 	
0.055 1.80742e-10 	0 	0 	
0.065 6.55098e-10 	0 	0 	
0.075 2.31528e-09 	0 	0 	
0.085 7.97395e-09 	0 	0 	
0.095 2.67487e-08 	0 	0 	
0.105 8.73586e-08 	0 	0 	
0.115 2.77641e-07 	0 	0 	
0.125 8.5828e-07 	0 	0 	
0.135 2.57941e-06 	0 	0 	
0.145 7.53222e-06 	-6.85239e-30 	0 	
0.155 2.13594e-05 	0 	0 	
0.165 5.87833e-05 	0 	0 	
0.175 0.000156905 	0 	0 	
0.185 0.000405922 	0 	0 	
0.195 0.00101708 	0 	0 	
0.205 0.00246627 	0 	0 	
0.215 0.0057829 	0 	0 	
0.225 0.0131009 	0 	0 	
0.235 0.0286496 	1.27268e-29 	0 	
0.245 0.0604233 	0 	0 	
0.255 0.12279 	0 	0 	
0.265 0.240221 	0 	0 	
0.275 0.452081 	0 	0 	
0.285 0.81792 	0 	0 	
0.295 1.42212 	0 	0 	
0.305 2.37618 	0 	0 	
0.315 3.81685 	0 	0 	
0.325 5.89886 	0 	0 	
0.335 8.78263 	0 	0 	
0.345 12.6185 	0 	0 	
0.355 17.5303 	0 	0 	
0.365 23.6013 	0 	0 	
0.375 30.864 	0 	0 	
0.385 39.2931 	0 	0 	
0.395 48.8012 	0 	0 	
0.405 59.2329 	0 	0 	
0.415 70.3547 	0 	0 	
0.425 81.8382 	0 	0 	
0.435 93.2387 	0 	0 	
0.445 103.982 	0 	0 	
0.455 113.393 	0 	0 	
0.465 120.821 	0 	0 	
0.475 125.879 	0 	0 	
0.485 128.688 	0 	0 	
0.495 129.869 	0 	0 	
0.505 130.204 	0 	0 	
0.515 130.251 	0 	0 	
0.525 130.243 	0 	0 	
0.535 130.23 	0 	0 	
0.545 130.212 	0 	0 	
0.555 130.18 	0 	0 	
0.565 130.106 	0 	0 	
0.575 129.933 	-3.08729e-30 	0 	
0.585 129.546 	-2.16244e-30 	0 	
0.595 128.742 	0 	0 	
0.605 127.191 	0 	0 	
0.615 124.413 	0 	0 	
0.625 119.788 	0 	0 	
0.635 112.626 	0 	0 	
0.645 102.346 	0 	0 	
0.655 88.7764 	0 	0 	
0.665 72.5081 	0 	0 	
0.675 55.0512 	0 	0 	
0.685 38.5048 	0 	0 	
0.695 24.7476 	0 	0 	
0.705 14.6861 	0 	0 	
0.715 8.12966 	0 	0 	
0.725 4.248 	0 	0 	
0.735 2.1169 	0 	0 	
0.745 1.01342 	0 	0 	
0.755 0.46819 	0 	0 	
0.765 0.209285 	0 	0 	
0.775 0.090652 	0 	0 	
0.785 0.0380814 	0 	0 	
0.795 0.0155236 	0 	0 	
0.805 0.00614328 	0 	0 	
0.815 0.00236106 	-1.27258e-29 	0 	
0.825 0.000881605 	0 	0 	
0.835 0.000319934 	0 	0 	
0.845 0.000112883 	0 	0 	
0.855 3.87387e-05 	0 	0 	
0.865 1.29351e-05 	0 	0 	
0.875 4.204e-06 	0 	0 	
0.885 1.3304e-06 	0 	0 	
0.895 4.10096e-07 	0 	0 	
0.905 1.23174e-07 	0 	0 	
0.915 3.60606e-08 	0 	0 	
0.925 1.02935e-08 	0 	0 	
0.935 2.86584e-09 	0 	0 	
0.945 7.78455e-10 	0 	0 	
0.955 2.0639e-10 	0 	0 	
0.965 5.34614e-11 	0 	0 	
0.975 1.35499e-11 	0 	0 	
0.985 3.36378e-12 	0 	0 	
0.995 8.13349e-13 	0 	0 	
