0.005 0 	0 	0 	
0.015 0 	0 	0 	
0.025 0 	0 	0 	
0.035 0 	0 	0 	
0.045 5.87817e-15 	0 	0 	
0.055 1.76345e-14 	0 	0 	
0.065 5.87818e-15 	0 	0 	
0.075 -2.35127e-14 	0 	0 	
0.085 -2.35127e-14 	0 	0 	
0.095 -5.87818e-15 	0 	0 	
0.105 1.17563e-14 	0 	0 	
0.115 3.23299e-14 	0 	0 	
0.125 3.23299e-14 	0 	0 	
0.135 -2.93912e-15 	0 	0 	
0.145 -4.40863e-14 	-6.52608e-31 	0 	
0.155 -4.11472e-14 	0 	0 	
0.165 -2.05736e-14 	0 	0 	
0.175 -1.76345e-14 	0 	0 	
0.185 -2.93908e-15 	0 	0 	
0.195 2.35127e-14 	0 	0 	
0.205 2.93909e-14 	0 	0 	
0.215 8.81728e-15 	0 	0 	
0.225 -8.81722e-15 	0 	0 	
0.235 -8.81723e-15 	1.30522e-30 	0 	
0.245 -2.93908e-15 	0 	0 	
0.255 2.93907e-15 	0 	0 	
0.265 1.17563e-14 	0 	0 	
0.275 1.46954e-14 	0 	0 	
0.285 5.87818e-15 	0 	0 	
0.295 0 	0 	0 	
0.305 2.93907e-15 	0 	0 	
0.315 8.81722e-15 	0 	0 	
0.325 1.46954e-14 	0 	0 	
0.335 4.11472e-14 	0 	0 	
0.345 2.23371e-12 	0 	0 	
0.355 1.0238e-10 	0 	0 	
0.365 3.00901e-09 	0 	0 	
0.375 6.37574e-08 	0 	0 	
0.385 1.0387e-06 	0 	0 	
0.395 1.35169e-05 	0 	0 	
0.405 0.000143842 	0 	0 	
0.415 0.00126966 	0 	0 	
0.425 0.00936622 	0 	0 	
0.435 0.0578878 	0 	0 	
0.445 0.299364 	0 	0 	
0.455 1.29189 	0 	0 	
0.465 4.65011 	0 	0 	
0.475 14.0321 	0 	0 	
0.485 35.8086 	0 	0 	
0.495 70.5515 	0 	0 	
0.505 91.8972 	0 	0 	
0.515 75.2747 	0 	0 	
0.525 40.8561 	0 	0 	
0.535 16.1283 	0 	0 	
0.545 4.71755 	0 	0 	
0.555 1.07311 	0 	0 	
0.565 0.199559 	0 	0 	
0.575 0.0310675 	0 	0 	
0.585 0.00407292 	0 	0 	
0.595 0.000448433 	0 	0 	
0.605 4.11108e-05 	0 	0 	
0.615 3.09127e-06 	0 	0 	
0.625 1.86104e-07 	0 	0 	
0.635 8.63045e-09 	0 	0 	
0.645 2.89012e-10 	0 	0 	
0.655 6.19411e-12 	0 	0 	
0.665 4.18821e-14 	0 	0 	
0.675 -2.64518e-14 	0 	0 	
0.685 -8.81726e-15 	0 	0 	
0.695 2.20431e-14 	0 	0 	
0.705 4.1882e-14 	0 	0 	
0.715 2.86561e-14 	0 	0 	
0.725 6.61295e-15 	0 	0 	
0.735 0 	0 	0 	
0.745 0 	0 	0 	
0.755 -2.20431e-15 	0 	0 	
0.765 -2.20432e-15 	0 	0 	
0.775 5.84482e-31 	0 	0 	
0.785 -6.61294e-15 	0 	0 	
0.795 -1.10216e-14 	0 	0 	
0.805 2.20432e-15 	0 	0 	
0.815 1.32259e-14 	-9.78913e-31 	0 	
0.825 6.61295e-15 	0 	0 	
0.835 0 	0 	0 	
0.845 0 	0 	0 	
0.855 -4.40862e-15 	0 	0 	
0.865 -1.32259e-14 	0 	0 	
0.875 -1.10216e-14 	0 	0 	
0.885 6.61295e-15 	0 	0 	
0.895 1.54302e-14 	0 	0 	
0.905 1.62985e-25 	0 	0 	
0.915 -2.20431e-14 	0 	0 	
0.925 -2.20431e-14 	0 	0 	
0.935 2.20433e-15 	0 	0 	
0.945 2.20432e-14 	0 	0 	
0.955 1.54302e-14 	0 	0 	
0.965 2.20433e-15 	0 	0 	
0.975 4.40862e-15 	0 	0 	
0.985 4.40863e-15 	0 	0 	
0.995 0 	0 	0 	
