0.005 4.26387e-14 	0 	0 	
0.015 9.69899e-14 	0 	0 	
0.025 2.38066e-13 	0 	0 	
0.035 7.7298e-13 	0 	0 	
0.045 2.92439e-12 	0 	0 	
0.055 1.16593e-11 	0 	0 	
0.065 4.61996e-11 	0 	0 	
0.075 1.78797e-10 	0 	0 	
0.085 6.739e-10 	0 	0 	
0.095 2.47203e-09 	0 	0 	
0.105 8.82198e-09 	0 	0 	
0.115 3.06165e-08 	0 	0 	
0.125 1.03282e-07 	0 	0 	
0.135 3.38503e-07 	0 	0 	
0.145 1.0773e-06 	-5.38402e-30 	0 	
0.155 3.32745e-06 	9.78913e-31 	0 	
0.165 9.96833e-06 	0 	0 	
0.175 2.89466e-05 	0 	0 	
0.185 8.14228e-05 	0 	0 	
0.195 0.000221694 	0 	0 	
0.205 0.000583836 	0 	0 	
0.215 0.00148595 	0 	0 	
0.225 0.00365188 	0 	0 	
0.235 0.00865835 	1.17472e-29 	0 	
0.245 0.0197852 	3.26321e-31 	0 	
0.255 0.0435312 	0 	0 	
0.265 0.0921247 	0 	0 	
0.275 0.187342 	0 	0 	
0.285 0.365749 	0 	0 	
0.295 0.684999 	0 	0 	
0.305 1.23009 	0 	0 	
0.315 2.11769 	0 	0 	
0.325 3.49626 	0 	0 	
0.335 5.54042 	0 	0 	
0.345 8.43955 	0 	0 	
0.355 12.3838 	0 	0 	
0.365 17.548 	0 	0 	
0.375 24.0659 	0 	0 	
0.385 32.0021 	0 	0 	
0.395 41.3339 	0 	0 	
0.405 51.9302 	0 	0 	
0.415 63.5196 	0 	0 	
0.425 75.6549 	0 	0 	
0.435 87.699 	0 	0 	
0.445 98.882 	0 	0 	
0.455 108.476 	0 	0 	
0.465 116.029 	0 	0 	
0.475 121.492 	0 	0 	
0.485 125.146 	0 	0 	
0.495 127.411 	0 	0 	
0.505 128.718 	0 	0 	
0.515 129.452 	0 	0 	
0.525 129.849 	0 	0 	
0.535 130.026 	0 	0 	
0.545 130.063 	0 	0 	
0.555 130.001 	0 	0 	
0.565 129.811 	0 	0 	
0.575 129.384 	-1.75111e-30 	0 	
0.585 128.503 	-1.14361e-30 	0 	
0.595 126.809 	0 	0 	
0.605 123.773 	0 	0 	
0.615 118.716 	0 	0 	
0.625 110.903 	0 	0 	
0.635 99.7663 	0 	0 	
0.645 85.2602 	0 	0 	
0.655 68.2278 	0 	0 	
0.665 50.4709 	0 	0 	
0.675 34.236 	0 	0 	
0.685 21.2797 	0 	0 	
0.695 12.2016 	0 	0 	
0.705 6.52858 	0 	0 	
0.715 3.29932 	0 	0 	
0.725 1.59028 	0 	0 	
0.735 0.735911 	0 	0 	
0.745 0.328249 	0 	0 	
0.755 0.141445 	0 	0 	
0.765 0.0589573 	0 	0 	
0.775 0.0237903 	0 	0 	
0.785 0.00929879 	0 	0 	
0.795 0.00352227 	0 	0 	
0.805 0.00129355 	-1.22363e-31 	0 	
0.815 0.000460781 	-1.12575e-29 	0 	
0.825 0.000159275 	0 	0 	
0.835 5.34473e-05 	0 	0 	
0.845 1.74187e-05 	0 	0 	
0.855 5.5157e-06 	0 	0 	
0.865 1.69768e-06 	0 	0 	
0.875 5.08111e-07 	0 	0 	
0.885 1.47935e-07 	0 	0 	
0.895 4.19141e-08 	0 	0 	
0.905 1.15605e-08 	0 	0 	
0.915 3.10511e-09 	0 	0 	
0.925 8.12465e-10 	0 	0 	
0.935 2.07157e-10 	0 	0 	
0.945 5.14773e-11 	0 	0 	
0.955 1.24566e-11 	0 	0 	
0.965 2.94938e-12 	0 	0 	
0.975 6.89952e-13 	0 	0 	
0.985 1.49893e-13 	0 	0 	
0.995 3.45562e-14 	0 	0 	
