0.005 273.15 303975
0.015 273.15 303975
0.025 273.15 303975
0.035 273.15 303975
0.045 273.15 303975
0.055 273.15 303975
0.065 273.15 303975
0.075 273.15 303975
0.085 273.15 303975
0.095 273.15 303975
0.105 273.15 303975
0.115 273.15 303975
0.125 273.15 303975
0.135 273.15 303975
0.145 273.15 303975
0.155 273.15 303975
0.165 273.15 303975
0.175 273.15 303975
0.185 273.15 303975
0.195 273.15 303975
0.205 273.15 303975
0.215 273.15 303975
0.225 273.15 303975
0.235 273.15 303975
0.245 273.15 303975
0.255 273.15 303975
0.265 273.15 303975
0.275 273.15 303975
0.285 273.15 303975
0.295 273.15 303975
0.305 273.15 303975
0.315 273.15 303975
0.325 273.15 303975
0.335 273.15 303975
0.345 273.045 303564
0.355 272.068 299791
0.365 269.259 289156
0.375 264.84 272944
0.385 259.688 254849
0.395 254.315 236889
0.405 248.985 219967
0.415 243.944 204748
0.425 239.487 191904
0.435 235.945 182076
0.445 233.653 175873
0.455 232.562 172945
0.465 232.135 171773
0.475 232.007 171392
0.485 232.042 171472
0.495 232.103 171633
0.505 232.145 171663
0.515 232.591 171546
0.525 235.322 171397
0.535 243.449 171352
0.545 258.45 171476
0.555 278.098 171714
0.565 297.507 171894
0.575 311.593 171895
0.585 318.176 171709
0.595 319.566 171405
0.605 319.46 171183
0.615 319.36 171173
0.625 319.224 171223
0.635 318.854 171020
0.645 317.803 169681
0.655 313.846 162957
0.665 303.01 144981
0.675 287.331 120979
0.685 276.289 105420
0.695 273.21 101401
0.705 273.15 101325
0.715 273.15 101325
0.725 273.15 101325
0.735 273.15 101325
0.745 273.15 101325
0.755 273.15 101325
0.765 273.15 101325
0.775 273.15 101325
0.785 273.15 101325
0.795 273.15 101325
0.805 273.15 101325
0.815 273.15 101325
0.825 273.15 101325
0.835 273.15 101325
0.845 273.15 101325
0.855 273.15 101325
0.865 273.15 101325
0.875 273.15 101325
0.885 273.15 101325
0.895 273.15 101325
0.905 273.15 101325
0.915 273.15 101325
0.925 273.15 101325
0.935 273.15 101325
0.945 273.15 101325
0.955 273.15 101325
0.965 273.15 101325
0.975 273.15 101325
0.985 273.15 101325
0.995 273.15 101325
