0.005 1.86289e-14 	0 	0 	
0.015 2.35127e-14 	0 	0 	
0.025 2.93909e-14 	0 	0 	
0.035 4.40863e-14 	0 	0 	
0.045 4.70254e-14 	0 	0 	
0.055 3.5269e-14 	0 	0 	
0.065 2.35127e-14 	0 	0 	
0.075 -5.87817e-15 	0 	0 	
0.085 -2.05736e-14 	0 	0 	
0.095 1.46954e-14 	0 	0 	
0.105 4.11472e-14 	0 	0 	
0.115 1.46954e-14 	0 	0 	
0.125 -3.5269e-14 	0 	0 	
0.135 -7.3477e-14 	0 	0 	
0.145 -1.05807e-13 	-2.77358e-30 	0 	
0.155 -1.38137e-13 	0 	0 	
0.165 -1.73406e-13 	0 	0 	
0.175 -1.82223e-13 	0 	0 	
0.185 -1.11685e-13 	0 	0 	
0.195 2.93905e-15 	0 	0 	
0.205 6.46599e-14 	0 	0 	
0.215 5.29036e-14 	0 	0 	
0.225 3.82081e-14 	0 	0 	
0.235 4.40863e-14 	5.54716e-30 	0 	
0.245 3.5269e-14 	0 	0 	
0.255 2.35126e-14 	0 	0 	
0.265 4.11472e-14 	0 	0 	
0.275 6.7599e-14 	0 	0 	
0.285 8.22944e-14 	0 	0 	
0.295 9.99288e-14 	0 	0 	
0.305 9.99287e-14 	0 	0 	
0.315 7.0538e-14 	0 	0 	
0.325 4.40863e-14 	0 	0 	
0.335 2.35127e-14 	0 	0 	
0.345 -5.87817e-15 	0 	0 	
0.355 -4.11472e-14 	0 	0 	
0.365 -7.64161e-14 	0 	0 	
0.375 -1.08746e-13 	0 	0 	
0.385 -1.2932e-13 	0 	0 	
0.395 -1.2932e-13 	0 	0 	
0.405 -9.40507e-14 	0 	0 	
0.415 -3.23299e-14 	0 	0 	
0.425 1.11041 	0 	0 	
0.435 8.66348 	0 	0 	
0.445 27.8898 	0 	0 	
0.455 56.0637 	0 	0 	
0.465 86.148 	0 	0 	
0.475 111.691 	0 	0 	
0.485 126.602 	0 	0 	
0.495 130.21 	0 	0 	
0.505 129.395 	0 	0 	
0.515 129.336 	0 	0 	
0.525 129.968 	0 	0 	
0.535 131.139 	0 	0 	
0.545 131.212 	0 	0 	
0.555 123.822 	0 	0 	
0.565 98.1718 	0 	0 	
0.575 53.5486 	-4.21772e-31 	0 	
0.585 15.1257 	0 	0 	
0.595 1.14917 	0 	0 	
0.605 -4.1882e-14 	0 	0 	
0.615 -3.5269e-14 	0 	0 	
0.625 -5.73122e-14 	0 	0 	
0.635 -6.61295e-14 	0 	0 	
0.645 -2.86561e-14 	0 	0 	
0.655 2.20432e-15 	0 	0 	
0.665 -8.81725e-15 	0 	0 	
0.675 -1.10216e-14 	0 	0 	
0.685 2.20431e-14 	0 	0 	
0.695 5.06992e-14 	0 	0 	
0.705 4.1882e-14 	0 	0 	
0.715 2.86561e-14 	0 	0 	
0.725 5.95164e-14 	0 	0 	
0.735 8.37638e-14 	0 	0 	
0.745 5.06992e-14 	0 	0 	
0.755 4.40863e-15 	0 	0 	
0.765 -1.98388e-14 	0 	0 	
0.775 -2.42475e-14 	0 	0 	
0.785 -2.42474e-14 	0 	0 	
0.795 -1.98388e-14 	0 	0 	
0.805 6.61295e-15 	0 	0 	
0.815 3.08604e-14 	-4.16038e-30 	0 	
0.825 2.64518e-14 	0 	0 	
0.835 1.32259e-14 	0 	0 	
0.845 1.32259e-14 	0 	0 	
0.855 2.20432e-14 	0 	0 	
0.865 1.76345e-14 	0 	0 	
0.875 -6.61293e-15 	0 	0 	
0.885 -2.20431e-14 	0 	0 	
0.895 -1.76345e-14 	0 	0 	
0.905 -2.86561e-14 	0 	0 	
0.915 -5.51079e-14 	0 	0 	
0.925 -4.62906e-14 	0 	0 	
0.935 4.40863e-15 	0 	0 	
0.945 5.29035e-14 	0 	0 	
0.955 5.95165e-14 	0 	0 	
0.965 2.64518e-14 	0 	0 	
0.975 -4.99995e-21 	0 	0 	
0.985 -2.20432e-15 	0 	0 	
0.995 -2.44728e-31 	0 	0 	
