0.005 273.15 303975
0.015 273.15 303975
0.025 273.15 303975
0.035 273.15 303975
0.045 273.15 303975
0.055 273.15 303975
0.065 273.15 303975
0.075 273.15 303975
0.085 273.15 303975
0.095 273.15 303975
0.105 273.15 303975
0.115 273.15 303975
0.125 273.15 303975
0.135 273.15 303975
0.145 273.15 303975
0.155 273.15 303975
0.165 273.15 303975
0.175 273.15 303975
0.185 273.15 303975
0.195 273.15 303975
0.205 273.15 303975
0.215 273.15 303975
0.225 273.15 303975
0.235 273.15 303975
0.245 273.15 303975
0.255 273.15 303975
0.265 273.15 303975
0.275 273.15 303975
0.285 273.15 303975
0.295 273.15 303974
0.305 273.15 303973
0.315 273.149 303968
0.325 273.145 303956
0.335 273.136 303921
0.345 273.115 303836
0.355 273.064 303639
0.365 272.954 303208
0.375 272.73 302337
0.385 272.309 300698
0.395 271.573 297840
0.405 270.38 293222
0.415 268.578 286298
0.425 266.032 276640
0.435 262.65 264056
0.445 258.402 248679
0.455 253.386 231163
0.465 248.001 213008
0.475 243.334 196655
0.485 241.214 184556
0.495 243.086 177396
0.505 249.046 173818
0.515 258.729 172067
0.525 271.588 170993
0.535 285.648 169783
0.545 297.875 167596
0.555 305.732 163542
0.565 308.035 156909
0.575 305.16 147578
0.585 298.76 136427
0.595 291.103 125218
0.605 284.206 115793
0.615 279.171 109139
0.625 276.092 105134
0.635 274.464 103027
0.645 273.696 102032
0.655 273.363 101601
0.665 273.228 101427
0.675 273.178 101361
0.685 273.159 101337
0.695 273.153 101329
0.705 273.151 101326
0.715 273.15 101325
0.725 273.15 101325
0.735 273.15 101325
0.745 273.15 101325
0.755 273.15 101325
0.765 273.15 101325
0.775 273.15 101325
0.785 273.15 101325
0.795 273.15 101325
0.805 273.15 101325
0.815 273.15 101325
0.825 273.15 101325
0.835 273.15 101325
0.845 273.15 101325
0.855 273.15 101325
0.865 273.15 101325
0.875 273.15 101325
0.885 273.15 101325
0.895 273.15 101325
0.905 273.15 101325
0.915 273.15 101325
0.925 273.15 101325
0.935 273.15 101325
0.945 273.15 101325
0.955 273.15 101325
0.965 273.15 101325
0.975 273.15 101325
0.985 273.15 101325
0.995 273.15 101325
