0.005 2.79433e-14 	0 	0 	
0.015 4.70253e-14 	0 	0 	
0.025 7.93552e-14 	0 	0 	
0.035 9.99287e-14 	0 	0 	
0.045 9.11116e-14 	0 	0 	
0.055 5.29036e-14 	0 	0 	
0.065 -1.17563e-14 	0 	0 	
0.075 -4.40863e-14 	0 	0 	
0.085 -2.35127e-14 	0 	0 	
0.095 8.81722e-15 	0 	0 	
0.105 2.05736e-14 	0 	0 	
0.115 -2.9391e-15 	0 	0 	
0.125 -4.40863e-14 	0 	0 	
0.135 -1.02868e-13 	0 	0 	
0.145 -1.23442e-13 	-2.77358e-30 	0 	
0.155 1.49893e-13 	6.52609e-31 	0 	
0.165 1.78403e-12 	0 	0 	
0.175 1.10392e-11 	0 	0 	
0.185 6.18559e-11 	0 	0 	
0.195 3.29163e-10 	0 	0 	
0.205 1.67836e-09 	0 	0 	
0.215 8.20529e-09 	0 	0 	
0.225 3.84392e-08 	0 	0 	
0.235 1.72432e-07 	5.22087e-30 	0 	
0.245 7.40094e-07 	3.26303e-31 	0 	
0.255 3.03673e-06 	0 	0 	
0.265 1.19002e-05 	0 	0 	
0.275 4.44901e-05 	0 	0 	
0.285 0.000158495 	0 	0 	
0.295 0.000537312 	0 	0 	
0.305 0.00173085 	0 	0 	
0.315 0.00528937 	0 	0 	
0.325 0.0153067 	0 	0 	
0.335 0.041865 	0 	0 	
0.345 0.107999 	0 	0 	
0.355 0.26224 	0 	0 	
0.365 0.598208 	0 	0 	
0.375 1.28004 	0 	0 	
0.385 2.56718 	0 	0 	
0.395 4.82643 	0 	0 	
0.405 8.51779 	0 	0 	
0.415 14.1479 	0 	0 	
0.425 22.1992 	0 	0 	
0.435 33.0582 	0 	0 	
0.445 46.944 	0 	0 	
0.455 63.6747 	0 	0 	
0.465 82.1573 	0 	0 	
0.475 99.9068 	0 	0 	
0.485 113.799 	0 	0 	
0.495 122.379 	0 	0 	
0.505 126.729 	0 	0 	
0.515 128.621 	0 	0 	
0.525 128.985 	0 	0 	
0.535 127.881 	0 	0 	
0.545 124.734 	0 	0 	
0.555 118.442 	0 	0 	
0.565 107.752 	0 	0 	
0.575 92.0303 	-2.0638e-30 	0 	
0.585 72.1633 	-5.96898e-31 	0 	
0.595 50.8918 	0 	0 	
0.605 31.8463 	0 	0 	
0.615 17.6485 	0 	0 	
0.625 8.74915 	0 	0 	
0.635 3.94674 	0 	0 	
0.645 1.64736 	0 	0 	
0.655 0.64397 	0 	0 	
0.665 0.237491 	0 	0 	
0.675 0.0829708 	0 	0 	
0.685 0.0275266 	0 	0 	
0.695 0.00868631 	0 	0 	
0.705 0.00261048 	0 	0 	
0.715 0.000747969 	0 	0 	
0.725 0.00020453 	0 	0 	
0.735 5.34248e-05 	0 	0 	
0.745 1.33418e-05 	0 	0 	
0.755 3.18797e-06 	0 	0 	
0.765 7.29397e-07 	0 	0 	
0.775 1.59901e-07 	0 	0 	
0.785 3.36077e-08 	0 	0 	
0.795 6.7758e-09 	0 	0 	
0.805 1.31106e-09 	-1.22364e-31 	0 	
0.815 2.43559e-10 	-5.38403e-30 	0 	
0.825 4.34494e-11 	0 	0 	
0.835 7.43075e-12 	0 	0 	
0.845 1.21237e-12 	0 	0 	
0.855 2.00593e-13 	0 	0 	
0.865 5.06993e-14 	0 	0 	
0.875 2.42475e-14 	0 	0 	
0.885 1.76345e-14 	0 	0 	
0.895 1.10216e-14 	0 	0 	
0.905 -2.20431e-15 	0 	0 	
0.915 -1.54302e-14 	0 	0 	
0.925 -1.76345e-14 	0 	0 	
0.935 -1.62845e-25 	0 	0 	
0.945 1.76345e-14 	0 	0 	
0.955 1.54302e-14 	0 	0 	
0.965 4.40863e-15 	0 	0 	
0.975 0 	0 	0 	
0.985 0 	0 	0 	
0.995 0 	0 	0 	
