0.005 8.81725e-15 	0 	0 	
0.015 3.23299e-14 	0 	0 	
0.025 6.17208e-14 	0 	0 	
0.035 7.64162e-14 	0 	0 	
0.045 5.58426e-14 	0 	0 	
0.055 2.05736e-14 	0 	0 	
0.065 -5.87817e-15 	0 	0 	
0.075 -3.5269e-14 	0 	0 	
0.085 -4.11472e-14 	0 	0 	
0.095 2.93905e-15 	0 	0 	
0.105 4.11472e-14 	0 	0 	
0.115 3.82081e-14 	0 	0 	
0.125 1.46954e-14 	0 	0 	
0.135 -4.70254e-14 	0 	0 	
0.145 -1.20503e-13 	-1.95782e-30 	0 	
0.155 -1.32259e-13 	0 	0 	
0.165 -1.02868e-13 	0 	0 	
0.175 -7.05381e-14 	0 	0 	
0.185 -3.233e-14 	0 	0 	
0.195 8.81725e-15 	0 	0 	
0.205 3.82081e-14 	0 	0 	
0.215 5.29036e-14 	0 	0 	
0.225 1.32259e-13 	0 	0 	
0.235 8.20004e-13 	1.95783e-30 	0 	
0.245 6.62764e-12 	3.26303e-31 	0 	
0.255 5.32944e-11 	0 	0 	
0.265 4.04137e-10 	0 	0 	
0.275 2.87323e-09 	0 	0 	
0.285 1.91442e-08 	0 	0 	
0.295 1.19511e-07 	0 	0 	
0.305 6.98663e-07 	0 	0 	
0.315 3.82193e-06 	0 	0 	
0.325 1.95435e-05 	0 	0 	
0.335 9.32916e-05 	0 	0 	
0.345 0.000415032 	0 	0 	
0.355 0.00171729 	0 	0 	
0.365 0.00659296 	0 	0 	
0.375 0.0234189 	0 	0 	
0.385 0.0767209 	0 	0 	
0.395 0.231005 	0 	0 	
0.405 0.63712 	0 	0 	
0.415 1.6051 	0 	0 	
0.425 3.68846 	0 	0 	
0.435 7.73552 	0 	0 	
0.445 14.8485 	0 	0 	
0.455 26.2127 	0 	0 	
0.465 42.7919 	0 	0 	
0.475 64.8604 	0 	0 	
0.485 90.3891 	0 	0 	
0.495 112.182 	0 	0 	
0.505 123.454 	0 	0 	
0.515 125.137 	0 	0 	
0.525 119.769 	0 	0 	
0.535 106.968 	0 	0 	
0.545 86.7565 	0 	0 	
0.555 61.9282 	0 	0 	
0.565 37.9203 	0 	0 	
0.575 19.6958 	-2.32359e-31 	0 	
0.585 8.74485 	0 	0 	
0.595 3.39424 	0 	0 	
0.605 1.18058 	0 	0 	
0.615 0.374577 	0 	0 	
0.625 0.10952 	0 	0 	
0.635 0.0296711 	0 	0 	
0.645 0.00747254 	0 	0 	
0.655 0.00175336 	0 	0 	
0.665 0.000383973 	0 	0 	
0.675 7.85932e-05 	0 	0 	
0.685 1.50536e-05 	0 	0 	
0.695 2.70072e-06 	0 	0 	
0.705 4.54177e-07 	0 	0 	
0.715 7.16303e-08 	0 	0 	
0.725 1.05981e-08 	0 	0 	
0.735 1.47116e-09 	0 	0 	
0.745 1.91579e-10 	0 	0 	
0.755 2.33856e-11 	0 	0 	
0.765 2.67604e-12 	0 	0 	
0.775 2.97582e-13 	0 	0 	
0.785 2.20432e-14 	0 	0 	
0.795 -1.32259e-14 	0 	0 	
0.805 2.2043e-15 	0 	0 	
0.815 1.54302e-14 	-2.692e-30 	0 	
0.825 1.32259e-14 	0 	0 	
0.835 4.40863e-15 	0 	0 	
0.845 0 	0 	0 	
0.855 -2.20431e-15 	0 	0 	
0.865 -1.10216e-14 	0 	0 	
0.875 -8.81727e-15 	0 	0 	
0.885 8.81726e-15 	0 	0 	
0.895 1.10216e-14 	0 	0 	
0.905 -2.20431e-15 	0 	0 	
0.915 -1.54302e-14 	0 	0 	
0.925 -1.76345e-14 	0 	0 	
0.935 -1.62845e-25 	0 	0 	
0.945 1.76345e-14 	0 	0 	
0.955 1.54302e-14 	0 	0 	
0.965 4.40863e-15 	0 	0 	
0.975 0 	0 	0 	
0.985 0 	0 	0 	
0.995 0 	0 	0 	
