0.005 2.4507e-14 	0 	0 	
0.015 4.40863e-14 	0 	0 	
0.025 5.58426e-14 	0 	0 	
0.035 6.17208e-14 	0 	0 	
0.045 5.58427e-14 	0 	0 	
0.055 3.233e-14 	0 	0 	
0.065 2.93908e-15 	0 	0 	
0.075 -2.35127e-14 	0 	0 	
0.085 -2.35127e-14 	0 	0 	
0.095 -2.9391e-15 	0 	0 	
0.105 7.31337e-26 	0 	0 	
0.115 2.49999e-20 	0 	0 	
0.125 2.50001e-20 	0 	0 	
0.135 -4.40863e-14 	0 	0 	
0.145 -1.02868e-13 	-4.0788e-30 	0 	
0.155 -1.2638e-13 	0 	0 	
0.165 -1.41076e-13 	0 	0 	
0.175 -1.58711e-13 	0 	0 	
0.185 -1.52833e-13 	0 	0 	
0.195 -1.17563e-13 	0 	0 	
0.205 -9.11116e-14 	0 	0 	
0.215 -5.87817e-14 	0 	0 	
0.225 2.35127e-14 	0 	0 	
0.235 8.81725e-14 	8.15761e-30 	0 	
0.245 9.69899e-14 	0 	0 	
0.255 1.11685e-13 	0 	0 	
0.265 1.46954e-13 	0 	0 	
0.275 1.46954e-13 	0 	0 	
0.285 1.08746e-13 	0 	0 	
0.295 8.52335e-14 	0 	0 	
0.305 7.64162e-14 	0 	0 	
0.315 6.17208e-14 	0 	0 	
0.325 4.70254e-14 	0 	0 	
0.335 2.93909e-14 	0 	0 	
0.345 -2.9391e-15 	0 	0 	
0.355 -4.70254e-14 	0 	0 	
0.365 -1.02868e-13 	0 	0 	
0.375 -1.76345e-13 	0 	0 	
0.385 -2.38066e-13 	0 	0 	
0.395 0.28861 	0 	0 	
0.405 4.06674 	0 	0 	
0.415 16.0083 	0 	0 	
0.425 35.72 	0 	0 	
0.435 59.1342 	0 	0 	
0.445 83.0466 	0 	0 	
0.455 104.621 	0 	0 	
0.465 119.861 	0 	0 	
0.475 127.285 	0 	0 	
0.485 130.181 	0 	0 	
0.495 131.125 	0 	0 	
0.505 131.001 	0 	0 	
0.515 130.571 	0 	0 	
0.525 129.97 	0 	0 	
0.535 129.266 	0 	0 	
0.545 129.014 	0 	0 	
0.555 129.678 	0 	0 	
0.565 130.177 	0 	0 	
0.575 130.031 	-3.02396e-30 	0 	
0.585 127.109 	-6.7905e-31 	0 	
0.595 110.322 	0 	0 	
0.605 71.1326 	0 	0 	
0.615 27.246 	0 	0 	
0.625 4.2974 	0 	0 	
0.635 -8.81725e-14 	0 	0 	
0.645 -3.74733e-14 	0 	0 	
0.655 -6.61295e-15 	0 	0 	
0.665 -2.64518e-14 	0 	0 	
0.675 -4.40863e-14 	0 	0 	
0.685 6.61292e-15 	0 	0 	
0.695 7.49466e-14 	0 	0 	
0.705 8.81726e-14 	0 	0 	
0.715 8.37639e-14 	0 	0 	
0.725 8.81725e-14 	0 	0 	
0.735 6.39251e-14 	0 	0 	
0.745 1.76345e-14 	0 	0 	
0.755 -4.40862e-15 	0 	0 	
0.765 2.20432e-15 	0 	0 	
0.775 1.54302e-14 	0 	0 	
0.785 1.54302e-14 	0 	0 	
0.795 2.20432e-15 	0 	0 	
0.805 1.10216e-14 	0 	0 	
0.815 3.08604e-14 	-6.11819e-30 	0 	
0.825 2.64518e-14 	0 	0 	
0.835 1.32259e-14 	0 	0 	
0.845 1.98388e-14 	0 	0 	
0.855 4.40863e-14 	0 	0 	
0.865 4.40863e-14 	0 	0 	
0.875 3.80317e-25 	0 	0 	
0.885 -4.40863e-14 	0 	0 	
0.895 -4.8495e-14 	0 	0 	
0.905 -4.40863e-14 	0 	0 	
0.915 -5.73122e-14 	0 	0 	
0.925 -4.62906e-14 	0 	0 	
0.935 6.61295e-15 	0 	0 	
0.945 5.73122e-14 	0 	0 	
0.955 6.17208e-14 	0 	0 	
0.965 2.64518e-14 	0 	0 	
0.975 -4.99995e-21 	0 	0 	
0.985 -2.20432e-15 	0 	0 	
0.995 -2.44728e-31 	0 	0 	
