0.005 0 	0 	0 	
0.015 0 	0 	0 	
0.025 5.87817e-15 	0 	0 	
0.035 2.05736e-14 	0 	0 	
0.045 2.64518e-14 	0 	0 	
0.055 2.35127e-14 	0 	0 	
0.065 1.76345e-14 	0 	0 	
0.075 -2.93909e-14 	0 	0 	
0.085 -6.466e-14 	0 	0 	
0.095 -2.64519e-14 	0 	0 	
0.105 8.81725e-15 	0 	0 	
0.115 3.5269e-14 	0 	0 	
0.125 5.29036e-14 	0 	0 	
0.135 8.81728e-15 	0 	0 	
0.145 -5.29035e-14 	-8.15761e-31 	0 	
0.155 -6.17208e-14 	0 	0 	
0.165 -2.93909e-14 	0 	0 	
0.175 -2.35127e-14 	0 	0 	
0.185 -2.35127e-14 	0 	0 	
0.195 1.76345e-14 	0 	0 	
0.205 4.70254e-14 	0 	0 	
0.215 2.35127e-14 	0 	0 	
0.225 -2.9391e-15 	0 	0 	
0.235 -2.50001e-20 	1.63152e-30 	0 	
0.245 -2.9391e-15 	0 	0 	
0.255 -5.87818e-15 	0 	0 	
0.265 1.17563e-14 	0 	0 	
0.275 1.76345e-14 	0 	0 	
0.285 5.87818e-15 	0 	0 	
0.295 0 	0 	0 	
0.305 8.81725e-15 	0 	0 	
0.315 2.93908e-14 	0 	0 	
0.325 4.11472e-14 	0 	0 	
0.335 2.93909e-14 	0 	0 	
0.345 -5.87817e-15 	0 	0 	
0.355 -2.64518e-14 	0 	0 	
0.365 -2.05736e-14 	0 	0 	
0.375 -3.5269e-14 	0 	0 	
0.385 -4.70254e-14 	0 	0 	
0.395 -2.64518e-14 	0 	0 	
0.405 -1.45727e-25 	0 	0 	
0.415 1.76345e-14 	0 	0 	
0.425 2.05736e-14 	0 	0 	
0.435 8.81725e-15 	0 	0 	
0.445 -2.93907e-15 	0 	0 	
0.455 -5.87815e-15 	0 	0 	
0.465 1.20942 	0 	0 	
0.475 12.9649 	0 	0 	
0.485 47.7353 	0 	0 	
0.495 97.4641 	0 	0 	
0.505 123.338 	0 	0 	
0.515 98.3554 	0 	0 	
0.525 47.59 	0 	0 	
0.535 11.4774 	0 	0 	
0.545 0.389225 	0 	0 	
0.555 -4.40862e-15 	0 	0 	
0.565 -1.54302e-14 	0 	0 	
0.575 -1.54302e-14 	0 	0 	
0.585 4.40863e-15 	0 	0 	
0.595 1.54302e-14 	0 	0 	
0.605 -2.2043e-15 	0 	0 	
0.615 -1.54302e-14 	0 	0 	
0.625 -6.61294e-15 	0 	0 	
0.635 -2.20431e-15 	0 	0 	
0.645 -5.45256e-26 	0 	0 	
0.655 -1.32259e-14 	0 	0 	
0.665 -4.1882e-14 	0 	0 	
0.675 -3.30647e-14 	0 	0 	
0.685 4.99984e-21 	0 	0 	
0.695 3.30647e-14 	0 	0 	
0.705 5.51079e-14 	0 	0 	
0.715 3.52691e-14 	0 	0 	
0.725 6.61295e-15 	0 	0 	
0.735 0 	0 	0 	
0.745 0 	0 	0 	
0.755 -2.20431e-15 	0 	0 	
0.765 -2.20432e-15 	0 	0 	
0.775 5.84482e-31 	0 	0 	
0.785 -1.10216e-14 	0 	0 	
0.795 -2.64518e-14 	0 	0 	
0.805 -1.76345e-14 	0 	0 	
0.815 1.32259e-14 	-1.22364e-30 	0 	
0.825 2.86561e-14 	0 	0 	
0.835 1.32259e-14 	0 	0 	
0.845 -1.95783e-30 	0 	0 	
0.855 -2.20431e-15 	0 	0 	
0.865 -1.32259e-14 	0 	0 	
0.875 -1.32259e-14 	0 	0 	
0.885 6.61292e-15 	0 	0 	
0.895 1.54302e-14 	0 	0 	
0.905 2.20431e-15 	0 	0 	
0.915 -1.98388e-14 	0 	0 	
0.925 -2.20431e-14 	0 	0 	
0.935 2.20433e-15 	0 	0 	
0.945 2.20432e-14 	0 	0 	
0.955 1.54302e-14 	0 	0 	
0.965 -4.40861e-15 	0 	0 	
0.975 -2.20431e-15 	0 	0 	
0.985 1.10216e-14 	0 	0 	
0.995 6.61295e-15 	0 	0 	
