0.005 4.31359e-14 	0 	0 	
0.015 7.34771e-14 	0 	0 	
0.025 9.40507e-14 	0 	0 	
0.035 1.08746e-13 	0 	0 	
0.045 1.38137e-13 	0 	0 	
0.055 2.46883e-13 	0 	0 	
0.065 8.25882e-13 	0 	0 	
0.075 3.5416e-12 	0 	0 	
0.085 1.53097e-11 	0 	0 	
0.095 6.44278e-11 	0 	0 	
0.105 2.63154e-10 	0 	0 	
0.115 1.04347e-09 	0 	0 	
0.125 4.01642e-09 	0 	0 	
0.135 1.50016e-08 	0 	0 	
0.145 5.4347e-08 	-5.38402e-30 	0 	
0.155 1.90866e-07 	0 	0 	
0.165 6.49454e-07 	0 	0 	
0.175 2.13981e-06 	0 	0 	
0.185 6.82216e-06 	0 	0 	
0.195 2.10324e-05 	0 	0 	
0.205 6.26543e-05 	0 	0 	
0.215 0.000180202 	0 	0 	
0.225 0.000499969 	0 	0 	
0.235 0.00133691 	1.04418e-29 	0 	
0.245 0.00344198 	0 	0 	
0.255 0.00852331 	0 	0 	
0.265 0.0202777 	0 	0 	
0.275 0.0462955 	0 	0 	
0.285 0.10131 	0 	0 	
0.295 0.212257 	0 	0 	
0.305 0.425304 	0 	0 	
0.315 0.814306 	0 	0 	
0.325 1.48895 	0 	0 	
0.335 2.59967 	0 	0 	
0.345 4.33594 	0 	0 	
0.355 6.91533 	0 	0 	
0.365 10.5635 	0 	0 	
0.375 15.4879 	0 	0 	
0.385 21.8506 	0 	0 	
0.395 29.744 	0 	0 	
0.405 39.1719 	0 	0 	
0.415 50.0337 	0 	0 	
0.425 62.1065 	0 	0 	
0.435 75.0178 	0 	0 	
0.445 88.2072 	0 	0 	
0.455 100.889 	0 	0 	
0.465 112.076 	0 	0 	
0.475 120.766 	0 	0 	
0.485 126.372 	0 	0 	
0.495 129.144 	0 	0 	
0.505 130.079 	0 	0 	
0.515 130.251 	0 	0 	
0.525 130.249 	0 	0 	
0.535 130.216 	0 	0 	
0.545 130.129 	0 	0 	
0.555 129.901 	0 	0 	
0.565 129.355 	0 	0 	
0.575 128.168 	-2.51517e-30 	0 	
0.585 125.829 	-1.53406e-30 	0 	
0.595 121.627 	0 	0 	
0.605 114.734 	0 	0 	
0.615 104.403 	0 	0 	
0.625 90.3522 	0 	0 	
0.635 73.2065 	0 	0 	
0.645 54.7162 	0 	0 	
0.655 37.3343 	0 	0 	
0.665 23.1899 	0 	0 	
0.675 13.1873 	0 	0 	
0.685 6.94655 	0 	0 	
0.695 3.4346 	0 	0 	
0.705 1.61153 	0 	0 	
0.715 0.722948 	0 	0 	
0.725 0.311481 	0 	0 	
0.735 0.129218 	0 	0 	
0.745 0.0516922 	0 	0 	
0.755 0.019959 	0 	0 	
0.765 0.00744319 	0 	0 	
0.775 0.0026825 	0 	0 	
0.785 0.000934792 	0 	0 	
0.795 0.000315145 	0 	0 	
0.805 0.000102837 	0 	0 	
0.815 3.24975e-05 	-1.02786e-29 	0 	
0.825 9.95009e-06 	0 	0 	
0.835 2.95317e-06 	0 	0 	
0.845 8.5003e-07 	0 	0 	
0.855 2.37388e-07 	0 	0 	
0.865 6.43496e-08 	0 	0 	
0.875 1.69384e-08 	0 	0 	
0.885 4.33117e-09 	0 	0 	
0.895 1.0762e-09 	0 	0 	
0.905 2.59948e-10 	0 	0 	
0.915 6.10616e-11 	0 	0 	
0.925 1.39489e-11 	0 	0 	
0.935 3.1147e-12 	0 	0 	
0.945 7.05381e-13 	0 	0 	
0.955 1.71937e-13 	0 	0 	
0.965 4.84949e-14 	0 	0 	
0.975 2.20431e-14 	0 	0 	
0.985 1.32259e-14 	0 	0 	
0.995 4.40863e-15 	0 	0 	
