0.005 273.15 303975
0.015 273.15 303975
0.025 273.15 303975
0.035 273.15 303975
0.045 273.15 303975
0.055 273.15 303975
0.065 273.15 303975
0.075 273.15 303975
0.085 273.15 303975
0.095 273.15 303975
0.105 273.15 303975
0.115 273.15 303975
0.125 273.15 303975
0.135 273.15 303975
0.145 273.15 303975
0.155 273.15 303975
0.165 273.15 303975
0.175 273.15 303975
0.185 273.15 303975
0.195 273.15 303975
0.205 273.15 303975
0.215 273.15 303975
0.225 273.15 303975
0.235 273.15 303975
0.245 273.15 303975
0.255 273.15 303975
0.265 273.15 303975
0.275 273.15 303975
0.285 273.15 303975
0.295 273.15 303975
0.305 273.15 303975
0.315 273.15 303975
0.325 273.15 303975
0.335 273.15 303975
0.345 273.15 303975
0.355 273.043 303557
0.365 272.015 299591
0.375 269.033 288316
0.385 264.319 271088
0.395 258.822 251909
0.405 253.11 233006
0.415 247.504 215436
0.425 242.326 200035
0.435 237.956 187617
0.445 234.795 178935
0.455 232.973 174021
0.465 232.209 171957
0.475 232.082 171580
0.485 232.141 171716
0.495 232.122 171681
0.505 232.107 171475
0.515 232.994 171314
0.525 237.422 171352
0.535 248.375 171569
0.545 265.899 171816
0.555 286.398 171933
0.565 304.389 171874
0.575 315.256 171618
0.585 318.975 171266
0.595 319.427 171067
0.605 319.39 171101
0.615 319.316 171218
0.625 318.943 171015
0.635 317.452 168940
0.645 311.897 159571
0.655 298.984 138622
0.665 283.587 115552
0.675 274.937 103603
0.685 273.15 101325
0.695 273.15 101325
0.705 273.15 101325
0.715 273.15 101325
0.725 273.15 101325
0.735 273.15 101325
0.745 273.15 101325
0.755 273.15 101325
0.765 273.15 101325
0.775 273.15 101325
0.785 273.15 101325
0.795 273.15 101325
0.805 273.15 101325
0.815 273.15 101325
0.825 273.15 101325
0.835 273.15 101325
0.845 273.15 101325
0.855 273.15 101325
0.865 273.15 101325
0.875 273.15 101325
0.885 273.15 101325
0.895 273.15 101325
0.905 273.15 101325
0.915 273.15 101325
0.925 273.15 101325
0.935 273.15 101325
0.945 273.15 101325
0.955 273.15 101325
0.965 273.15 101325
0.975 273.15 101325
0.985 273.15 101325
0.995 273.15 101325
