0.005 273.15 303975
0.015 273.15 303975
0.025 273.15 303975
0.035 273.15 303975
0.045 273.15 303975
0.055 273.15 303975
0.065 273.15 303975
0.075 273.15 303975
0.085 273.15 303975
0.095 273.15 303975
0.105 273.15 303975
0.115 273.15 303975
0.125 273.15 303975
0.135 273.15 303975
0.145 273.15 303975
0.155 273.15 303975
0.165 273.15 303975
0.175 273.15 303975
0.185 273.15 303975
0.195 273.15 303975
0.205 273.15 303975
0.215 273.15 303975
0.225 273.15 303975
0.235 273.15 303975
0.245 273.15 303975
0.255 273.15 303975
0.265 273.15 303975
0.275 273.15 303975
0.285 273.15 303975
0.295 273.15 303975
0.305 273.15 303975
0.315 273.15 303975
0.325 273.15 303975
0.335 273.15 303973
0.345 273.149 303968
0.355 273.144 303952
0.365 273.132 303903
0.375 273.098 303772
0.385 273.014 303444
0.395 272.82 302690
0.405 272.414 301104
0.415 271.633 298065
0.425 270.267 292759
0.435 268.081 284329
0.445 264.872 272123
0.455 260.537 256005
0.465 255.151 236644
0.475 249.084 215743
0.485 243.323 196148
0.495 241.366 181385
0.505 248.769 173550
0.515 266.39 170756
0.525 287.215 168748
0.535 302.413 164688
0.545 307.879 157429
0.555 305.002 146858
0.565 297.554 134335
0.575 289.106 122305
0.585 282.104 112934
0.595 277.511 106954
0.605 275.032 103757
0.615 273.887 102280
0.625 273.416 101670
0.635 273.239 101441
0.645 273.178 101361
0.655 273.159 101336
0.665 273.153 101328
0.675 273.151 101326
0.685 273.15 101325
0.695 273.15 101325
0.705 273.15 101325
0.715 273.15 101325
0.725 273.15 101325
0.735 273.15 101325
0.745 273.15 101325
0.755 273.15 101325
0.765 273.15 101325
0.775 273.15 101325
0.785 273.15 101325
0.795 273.15 101325
0.805 273.15 101325
0.815 273.15 101325
0.825 273.15 101325
0.835 273.15 101325
0.845 273.15 101325
0.855 273.15 101325
0.865 273.15 101325
0.875 273.15 101325
0.885 273.15 101325
0.895 273.15 101325
0.905 273.15 101325
0.915 273.15 101325
0.925 273.15 101325
0.935 273.15 101325
0.945 273.15 101325
0.955 273.15 101325
0.965 273.15 101325
0.975 273.15 101325
0.985 273.15 101325
0.995 273.15 101325
