0.005 273.15 303975
0.015 273.15 303975
0.025 273.15 303975
0.035 273.15 303975
0.045 273.15 303975
0.055 273.15 303975
0.065 273.15 303975
0.075 273.15 303975
0.085 273.15 303975
0.095 273.15 303975
0.105 273.15 303975
0.115 273.15 303975
0.125 273.15 303975
0.135 273.15 303975
0.145 273.15 303975
0.155 273.15 303975
0.165 273.15 303975
0.175 273.15 303975
0.185 273.15 303974
0.195 273.15 303973
0.205 273.149 303970
0.215 273.147 303964
0.225 273.144 303951
0.235 273.137 303923
0.245 273.122 303867
0.255 273.095 303761
0.265 273.045 303566
0.275 272.957 303224
0.285 272.809 302649
0.295 272.572 301724
0.305 272.206 300303
0.315 271.667 298218
0.325 270.909 295289
0.335 269.883 291351
0.345 268.549 286276
0.355 266.881 279991
0.365 264.862 272492
0.375 262.495 263856
0.385 259.801 254233
0.395 256.818 243839
0.405 253.601 232949
0.415 250.229 221888
0.425 246.804 211028
0.435 243.46 200785
0.445 240.366 191614
0.455 237.715 183968
0.465 235.69 178207
0.475 234.393 174443
0.485 233.79 172426
0.495 233.818 171603
0.505 234.73 171375
0.515 237.388 171344
0.525 242.993 171348
0.535 252.315 171354
0.545 264.974 171357
0.555 279.313 171353
0.565 293 171326
0.575 304.052 171250
0.585 311.591 171063
0.595 315.861 170658
0.605 317.671 169855
0.615 317.806 168392
0.625 316.734 165922
0.635 314.593 162069
0.645 311.324 156527
0.655 306.855 149232
0.665 301.297 140532
0.675 295.079 131239
0.685 288.917 122436
0.695 283.565 115074
0.705 279.492 109622
0.715 276.746 106006
0.725 275.071 103821
0.735 274.128 102595
0.745 273.628 101946
0.755 273.376 101618
0.765 273.253 101459
0.775 273.196 101384
0.785 273.17 101350
0.795 273.158 101336
0.805 273.154 101330
0.815 273.151 101327
0.825 273.15 101326
0.835 273.15 101325
0.845 273.15 101325
0.855 273.15 101325
0.865 273.15 101325
0.875 273.15 101325
0.885 273.15 101325
0.895 273.15 101325
0.905 273.15 101325
0.915 273.15 101325
0.925 273.15 101325
0.935 273.15 101325
0.945 273.15 101325
0.955 273.15 101325
0.965 273.15 101325
0.975 273.15 101325
0.985 273.15 101325
0.995 273.15 101325
