0.005 5.69452e-13 	0 	0 	
0.015 2.17786e-12 	0 	0 	
0.025 8.32054e-12 	0 	0 	
0.035 3.13747e-11 	0 	0 	
0.045 1.15941e-10 	0 	0 	
0.055 4.18682e-10 	0 	0 	
0.065 1.47536e-09 	0 	0 	
0.075 5.06953e-09 	0 	0 	
0.085 1.69777e-08 	0 	0 	
0.095 5.5391e-08 	0 	0 	
0.105 1.75978e-07 	0 	0 	
0.115 5.44175e-07 	0 	0 	
0.125 1.63707e-06 	0 	0 	
0.135 4.78879e-06 	0 	0 	
0.145 1.36136e-05 	-7.01554e-30 	0 	
0.155 3.75888e-05 	0 	0 	
0.165 0.000100744 	0 	0 	
0.175 0.000261925 	0 	0 	
0.185 0.00066013 	0 	0 	
0.195 0.00161162 	0 	0 	
0.205 0.00380841 	0 	0 	
0.215 0.00870407 	0 	0 	
0.225 0.0192234 	0 	0 	
0.235 0.0409909 	1.30536e-29 	0 	
0.245 0.0843161 	0 	0 	
0.255 0.167156 	0 	0 	
0.265 0.319135 	0 	0 	
0.275 0.586362 	0 	0 	
0.285 1.0363 	0 	0 	
0.295 1.76131 	0 	0 	
0.305 2.87928 	0 	0 	
0.315 4.52963 	0 	0 	
0.325 6.86443 	0 	0 	
0.335 10.0351 	0 	0 	
0.345 14.1772 	0 	0 	
0.355 19.3956 	0 	0 	
0.365 25.7526 	0 	0 	
0.375 33.26 	0 	0 	
0.385 41.8745 	0 	0 	
0.395 51.493 	0 	0 	
0.405 61.9481 	0 	0 	
0.415 72.9965 	0 	0 	
0.425 84.3031 	0 	0 	
0.435 95.4209 	0 	0 	
0.445 105.783 	0 	0 	
0.455 114.741 	0 	0 	
0.465 121.701 	0 	0 	
0.475 126.353 	0 	0 	
0.485 128.884 	0 	0 	
0.495 129.924 	0 	0 	
0.505 130.213 	0 	0 	
0.515 130.251 	0 	0 	
0.525 130.242 	0 	0 	
0.535 130.229 	0 	0 	
0.545 130.213 	0 	0 	
0.555 130.187 	0 	0 	
0.565 130.13 	0 	0 	
0.575 130 	-3.0717e-30 	0 	
0.585 129.705 	-2.15492e-30 	0 	
0.595 129.083 	0 	0 	
0.605 127.859 	0 	0 	
0.615 125.624 	0 	0 	
0.625 121.821 	0 	0 	
0.635 115.788 	0 	0 	
0.645 106.887 	0 	0 	
0.655 94.7423 	0 	0 	
0.665 79.5855 	0 	0 	
0.675 62.5212 	0 	0 	
0.685 45.4379 	0 	0 	
0.695 30.3832 	0 	0 	
0.705 18.7245 	0 	0 	
0.715 10.7223 	0 	0 	
0.725 5.77096 	0 	0 	
0.735 2.95201 	0 	0 	
0.745 1.44748 	0 	0 	
0.755 0.684199 	0 	0 	
0.765 0.312807 	0 	0 	
0.775 0.138586 	0 	0 	
0.785 0.0595627 	0 	0 	
0.795 0.0248501 	0 	0 	
0.805 0.0100688 	0 	0 	
0.815 0.00396362 	-1.32152e-29 	0 	
0.825 0.00151643 	0 	0 	
0.835 0.000564063 	0 	0 	
0.845 0.00020406 	0 	0 	
0.855 7.18243e-05 	0 	0 	
0.865 2.4605e-05 	0 	0 	
0.875 8.20675e-06 	0 	0 	
0.885 2.66604e-06 	0 	0 	
0.895 8.43848e-07 	0 	0 	
0.905 2.60321e-07 	0 	0 	
0.915 7.82977e-08 	0 	0 	
0.925 2.29679e-08 	0 	0 	
0.935 6.57296e-09 	0 	0 	
0.945 1.8357e-09 	0 	0 	
0.955 5.00492e-10 	0 	0 	
0.965 1.33291e-10 	0 	0 	
0.975 3.46871e-11 	0 	0 	
0.985 8.80404e-12 	0 	0 	
0.995 2.14969e-12 	0 	0 	
