0.005 2.15679e-14 	0 	0 	
0.015 3.23299e-14 	0 	0 	
0.025 4.11472e-14 	0 	0 	
0.035 6.17208e-14 	0 	0 	
0.045 6.46599e-14 	0 	0 	
0.055 3.23299e-14 	0 	0 	
0.065 5.87815e-15 	0 	0 	
0.075 -1.46954e-14 	0 	0 	
0.085 -2.05736e-14 	0 	0 	
0.095 5.87817e-15 	0 	0 	
0.105 1.17564e-14 	0 	0 	
0.115 1.57772e-30 	0 	0 	
0.125 -8.81725e-15 	0 	0 	
0.135 -4.99644e-14 	0 	0 	
0.145 -9.99289e-14 	-3.58934e-30 	0 	
0.155 -1.32259e-13 	0 	0 	
0.165 -1.58711e-13 	0 	0 	
0.175 -1.70467e-13 	0 	0 	
0.185 -1.52833e-13 	0 	0 	
0.195 -1.02868e-13 	0 	0 	
0.205 -3.5269e-14 	0 	0 	
0.215 1.76345e-14 	0 	0 	
0.225 4.99644e-14 	0 	0 	
0.235 7.34772e-14 	7.17868e-30 	0 	
0.245 6.46599e-14 	0 	0 	
0.255 4.70254e-14 	0 	0 	
0.265 8.81727e-14 	0 	0 	
0.275 1.44016e-13 	0 	0 	
0.285 1.38137e-13 	0 	0 	
0.295 1.05807e-13 	0 	0 	
0.305 7.64162e-14 	0 	0 	
0.315 4.99645e-14 	0 	0 	
0.325 4.11472e-14 	0 	0 	
0.335 2.93909e-14 	0 	0 	
0.345 -2.9391e-15 	0 	0 	
0.355 -3.82081e-14 	0 	0 	
0.365 -7.93552e-14 	0 	0 	
0.375 -1.44015e-13 	0 	0 	
0.385 -2.05736e-13 	0 	0 	
0.395 -2.11614e-13 	0 	0 	
0.405 0.299127 	0 	0 	
0.415 4.36443 	0 	0 	
0.425 17.3814 	0 	0 	
0.435 39.0384 	0 	0 	
0.445 64.7031 	0 	0 	
0.455 90.344 	0 	0 	
0.465 111.297 	0 	0 	
0.475 124.271 	0 	0 	
0.485 130.26 	0 	0 	
0.495 131.553 	0 	0 	
0.505 130.665 	0 	0 	
0.515 129.593 	0 	0 	
0.525 129.102 	0 	0 	
0.535 129.239 	0 	0 	
0.545 129.563 	0 	0 	
0.555 130.575 	0 	0 	
0.565 130.782 	0 	0 	
0.575 124.599 	-2.03372e-30 	0 	
0.585 101.867 	0 	0 	
0.595 58.9057 	0 	0 	
0.605 18.4145 	0 	0 	
0.615 1.85135 	0 	0 	
0.625 -8.81725e-14 	0 	0 	
0.635 -8.37639e-14 	0 	0 	
0.645 -3.30647e-14 	0 	0 	
0.655 2.20432e-15 	0 	0 	
0.665 -1.54302e-14 	0 	0 	
0.675 -2.64518e-14 	0 	0 	
0.685 1.54302e-14 	0 	0 	
0.695 5.73122e-14 	0 	0 	
0.705 6.39252e-14 	0 	0 	
0.715 7.05381e-14 	0 	0 	
0.725 8.15596e-14 	0 	0 	
0.735 6.39251e-14 	0 	0 	
0.745 2.20431e-14 	0 	0 	
0.755 0 	0 	0 	
0.765 8.81726e-15 	0 	0 	
0.775 1.32259e-14 	0 	0 	
0.785 -6.61293e-15 	0 	0 	
0.795 -1.76345e-14 	0 	0 	
0.805 6.61295e-15 	0 	0 	
0.815 3.08604e-14 	-5.38403e-30 	0 	
0.825 2.64518e-14 	0 	0 	
0.835 1.32259e-14 	0 	0 	
0.845 1.76345e-14 	0 	0 	
0.855 3.74734e-14 	0 	0 	
0.865 3.52691e-14 	0 	0 	
0.875 -4.40863e-15 	0 	0 	
0.885 -3.74734e-14 	0 	0 	
0.895 -3.74734e-14 	0 	0 	
0.905 -3.96777e-14 	0 	0 	
0.915 -5.73122e-14 	0 	0 	
0.925 -4.62906e-14 	0 	0 	
0.935 6.61295e-15 	0 	0 	
0.945 5.73122e-14 	0 	0 	
0.955 6.17208e-14 	0 	0 	
0.965 2.64518e-14 	0 	0 	
0.975 -4.99995e-21 	0 	0 	
0.985 -2.20432e-15 	0 	0 	
0.995 -2.44728e-31 	0 	0 	
