0.005 2.79433e-14 	0 	0 	
0.015 4.70253e-14 	0 	0 	
0.025 7.64162e-14 	0 	0 	
0.035 9.40507e-14 	0 	0 	
0.045 7.64162e-14 	0 	0 	
0.055 3.5269e-14 	0 	0 	
0.065 -5.87815e-15 	0 	0 	
0.075 -2.93908e-14 	0 	0 	
0.085 -2.64518e-14 	0 	0 	
0.095 2.9391e-15 	0 	0 	
0.105 1.76345e-14 	0 	0 	
0.115 -8.81725e-15 	0 	0 	
0.125 -2.05736e-14 	0 	0 	
0.135 1.05807e-13 	0 	0 	
0.145 1.04338e-12 	-3.26305e-31 	0 	
0.155 6.46599e-12 	0 	0 	
0.165 3.51662e-11 	0 	0 	
0.175 1.80522e-10 	0 	0 	
0.185 8.88647e-10 	0 	0 	
0.195 4.20564e-09 	0 	0 	
0.205 1.91346e-08 	0 	0 	
0.215 8.36475e-08 	0 	0 	
0.225 3.51109e-07 	1.63152e-31 	0 	
0.235 1.414e-06 	9.78913e-31 	0 	
0.245 5.45899e-06 	3.26303e-31 	0 	
0.255 2.01848e-05 	0 	0 	
0.265 7.14067e-05 	0 	0 	
0.275 0.000241413 	0 	0 	
0.285 0.000779023 	0 	0 	
0.295 0.00239612 	0 	0 	
0.305 0.00701426 	0 	0 	
0.315 0.0195097 	0 	0 	
0.325 0.0514677 	0 	0 	
0.335 0.12853 	0 	0 	
0.345 0.303246 	0 	0 	
0.355 0.67461 	0 	0 	
0.365 1.41252 	0 	0 	
0.375 2.77973 	0 	0 	
0.385 5.13691 	0 	0 	
0.395 8.91389 	0 	0 	
0.405 14.5369 	0 	0 	
0.415 22.3204 	0 	0 	
0.425 32.3533 	0 	0 	
0.435 44.4182 	0 	0 	
0.445 57.9751 	0 	0 	
0.455 72.2138 	0 	0 	
0.465 86.1661 	0 	0 	
0.475 98.862 	0 	0 	
0.485 109.509 	0 	0 	
0.495 117.658 	0 	0 	
0.505 123.28 	0 	0 	
0.515 126.693 	0 	0 	
0.525 128.332 	0 	0 	
0.535 128.457 	0 	0 	
0.545 126.915 	0 	0 	
0.555 123.051 	0 	0 	
0.565 115.834 	0 	0 	
0.575 104.256 	-7.11786e-31 	0 	
0.585 88.0222 	-3.76792e-31 	0 	
0.595 68.2839 	0 	0 	
0.605 47.7876 	0 	0 	
0.615 29.8412 	0 	0 	
0.625 16.6289 	0 	0 	
0.635 8.35825 	0 	0 	
0.645 3.85129 	0 	0 	
0.655 1.65184 	0 	0 	
0.665 0.666702 	0 	0 	
0.675 0.254896 	0 	0 	
0.685 0.0926593 	0 	0 	
0.695 0.0320968 	0 	0 	
0.705 0.0106099 	0 	0 	
0.715 0.00335069 	0 	0 	
0.725 0.00101193 	0 	0 	
0.735 0.000292516 	0 	0 	
0.745 8.10033e-05 	0 	0 	
0.755 2.15057e-05 	0 	0 	
0.765 5.47805e-06 	0 	0 	
0.775 1.33974e-06 	0 	0 	
0.785 3.14793e-07 	0 	0 	
0.795 7.1104e-08 	0 	0 	
0.805 1.54477e-08 	-1.22364e-31 	0 	
0.815 3.22965e-09 	-9.78913e-31 	0 	
0.825 6.50068e-10 	0 	0 	
0.835 1.26016e-10 	0 	0 	
0.845 2.35333e-11 	0 	0 	
0.855 4.2455e-12 	0 	0 	
0.865 7.64897e-13 	0 	0 	
0.875 1.63119e-13 	0 	0 	
0.885 6.17208e-14 	0 	0 	
0.895 3.52691e-14 	0 	0 	
0.905 6.61295e-15 	0 	0 	
0.915 -1.54302e-14 	0 	0 	
0.925 -1.98388e-14 	0 	0 	
0.935 -1.32259e-14 	0 	0 	
0.945 6.61295e-15 	0 	0 	
0.955 2.64518e-14 	0 	0 	
0.965 1.76345e-14 	0 	0 	
0.975 2.20432e-15 	0 	0 	
0.985 0 	0 	0 	
0.995 0 	0 	0 	
