0.005 2.15679e-14 	0 	0 	
0.015 4.11472e-14 	0 	0 	
0.025 7.0538e-14 	0 	0 	
0.035 8.52335e-14 	0 	0 	
0.045 5.29035e-14 	0 	0 	
0.055 2.35127e-14 	0 	0 	
0.065 2.64518e-14 	0 	0 	
0.075 8.81725e-15 	0 	0 	
0.085 -8.81728e-15 	0 	0 	
0.095 8.81722e-15 	0 	0 	
0.105 1.76345e-14 	0 	0 	
0.115 -5.87815e-15 	0 	0 	
0.125 -3.82081e-14 	0 	0 	
0.135 -9.40508e-14 	0 	0 	
0.145 -1.23442e-13 	-3.26305e-30 	0 	
0.155 1.41076e-13 	0 	0 	
0.165 1.77815e-12 	0 	0 	
0.175 1.10392e-11 	0 	0 	
0.185 6.185e-11 	0 	0 	
0.195 3.29139e-10 	0 	0 	
0.205 1.67829e-09 	0 	0 	
0.215 8.20505e-09 	0 	0 	
0.225 3.84382e-08 	0 	0 	
0.235 1.72428e-07 	7.17868e-30 	0 	
0.245 7.40079e-07 	0 	0 	
0.255 3.03666e-06 	0 	0 	
0.265 1.18999e-05 	0 	0 	
0.275 4.44889e-05 	0 	0 	
0.285 0.000158489 	0 	0 	
0.295 0.000537289 	0 	0 	
0.305 0.00173075 	0 	0 	
0.315 0.00528897 	0 	0 	
0.325 0.0153051 	0 	0 	
0.335 0.0418586 	0 	0 	
0.345 0.107977 	0 	0 	
0.355 0.262163 	0 	0 	
0.365 0.597966 	0 	0 	
0.375 1.27932 	0 	0 	
0.385 2.56517 	0 	0 	
0.395 4.82112 	0 	0 	
0.405 8.50433 	0 	0 	
0.415 14.1147 	0 	0 	
0.425 22.1171 	0 	0 	
0.435 32.8494 	0 	0 	
0.445 46.4207 	0 	0 	
0.455 62.5863 	0 	0 	
0.465 80.5462 	0 	0 	
0.475 98.6474 	0 	0 	
0.485 114.242 	0 	0 	
0.495 124.599 	0 	0 	
0.505 129.116 	0 	0 	
0.515 129.961 	0 	0 	
0.525 129.45 	0 	0 	
0.535 128.006 	0 	0 	
0.545 124.771 	0 	0 	
0.555 118.457 	0 	0 	
0.565 107.752 	0 	0 	
0.575 92.0209 	-2.25591e-30 	0 	
0.585 72.1497 	0 	0 	
0.595 50.8772 	0 	0 	
0.605 31.8334 	0 	0 	
0.615 17.6394 	0 	0 	
0.625 8.74399 	0 	0 	
0.635 3.94426 	0 	0 	
0.645 1.6463 	0 	0 	
0.655 0.643556 	0 	0 	
0.665 0.237341 	0 	0 	
0.675 0.0829196 	0 	0 	
0.685 0.0275102 	0 	0 	
0.695 0.00868128 	0 	0 	
0.705 0.00260902 	0 	0 	
0.715 0.000747563 	0 	0 	
0.725 0.000204423 	0 	0 	
0.735 5.33977e-05 	0 	0 	
0.745 1.33352e-05 	0 	0 	
0.755 3.18647e-06 	0 	0 	
0.765 7.29069e-07 	0 	0 	
0.775 1.59832e-07 	0 	0 	
0.785 3.35938e-08 	0 	0 	
0.795 6.77309e-09 	0 	0 	
0.805 1.31056e-09 	0 	0 	
0.815 2.43476e-10 	-5.87348e-30 	0 	
0.825 4.34471e-11 	0 	0 	
0.835 7.4572e-12 	0 	0 	
0.845 1.24544e-12 	0 	0 	
0.855 2.13819e-13 	0 	0 	
0.865 3.5269e-14 	0 	0 	
0.875 -2.2043e-15 	0 	0 	
0.885 6.61296e-15 	0 	0 	
0.895 1.10216e-14 	0 	0 	
0.905 5.43285e-26 	0 	0 	
0.915 -1.54302e-14 	0 	0 	
0.925 -2.42475e-14 	0 	0 	
0.935 -2.71409e-25 	0 	0 	
0.945 2.42475e-14 	0 	0 	
0.955 1.54302e-14 	0 	0 	
0.965 2.20432e-15 	0 	0 	
0.975 0 	0 	0 	
0.985 0 	0 	0 	
0.995 0 	0 	0 	
