0.005 2.15679e-14 	0 	0 	
0.015 4.11472e-14 	0 	0 	
0.025 7.3477e-14 	0 	0 	
0.035 9.69896e-14 	0 	0 	
0.045 8.52334e-14 	0 	0 	
0.055 4.70254e-14 	0 	0 	
0.065 -5.87815e-15 	0 	0 	
0.075 -3.82081e-14 	0 	0 	
0.085 -2.35127e-14 	0 	0 	
0.095 8.81722e-15 	0 	0 	
0.105 2.05736e-14 	0 	0 	
0.115 2.93908e-15 	0 	0 	
0.125 -3.23299e-14 	0 	0 	
0.135 -9.99289e-14 	0 	0 	
0.145 -1.64589e-13 	-2.44728e-30 	0 	
0.155 -1.5871e-13 	6.52609e-31 	0 	
0.165 -7.34768e-14 	0 	0 	
0.175 3.76202e-13 	0 	0 	
0.185 3.11837e-12 	0 	0 	
0.195 1.94039e-11 	0 	0 	
0.205 1.13337e-10 	0 	0 	
0.215 6.33239e-10 	0 	0 	
0.225 3.38232e-09 	0 	0 	
0.235 1.72556e-08 	4.24196e-30 	0 	
0.245 8.40247e-08 	3.26303e-31 	0 	
0.255 3.90226e-07 	0 	0 	
0.265 1.72698e-06 	0 	0 	
0.275 7.27607e-06 	0 	0 	
0.285 2.91519e-05 	0 	0 	
0.295 0.000110932 	0 	0 	
0.305 0.000400361 	0 	0 	
0.315 0.00136827 	0 	0 	
0.325 0.00442036 	0 	0 	
0.335 0.0134727 	0 	0 	
0.345 0.0386579 	0 	0 	
0.355 0.104187 	0 	0 	
0.365 0.263134 	0 	0 	
0.375 0.621416 	0 	0 	
0.385 1.36988 	0 	0 	
0.395 2.81632 	0 	0 	
0.405 5.40113 	0 	0 	
0.415 9.67832 	0 	0 	
0.425 16.2532 	0 	0 	
0.435 25.6871 	0 	0 	
0.445 38.398 	0 	0 	
0.455 54.5451 	0 	0 	
0.465 73.602 	0 	0 	
0.475 93.4367 	0 	0 	
0.485 110.193 	0 	0 	
0.495 120.953 	0 	0 	
0.505 126.258 	0 	0 	
0.515 128.318 	0 	0 	
0.525 128.292 	0 	0 	
0.535 126.043 	0 	0 	
0.545 120.639 	0 	0 	
0.555 110.751 	0 	0 	
0.565 95.4749 	0 	0 	
0.575 75.4451 	-1.77385e-30 	0 	
0.585 53.4124 	-2.10246e-31 	0 	
0.595 33.343 	0 	0 	
0.605 18.2847 	0 	0 	
0.615 8.89326 	0 	0 	
0.625 3.90608 	0 	0 	
0.635 1.57769 	0 	0 	
0.645 0.593794 	0 	0 	
0.655 0.209908 	0 	0 	
0.665 0.0700055 	0 	0 	
0.675 0.0220842 	0 	0 	
0.685 0.00660165 	0 	0 	
0.695 0.00187261 	0 	0 	
0.705 0.000504649 	0 	0 	
0.715 0.000129346 	0 	0 	
0.725 3.15622e-05 	0 	0 	
0.735 7.33891e-06 	0 	0 	
0.745 1.62743e-06 	0 	0 	
0.755 3.44432e-07 	0 	0 	
0.765 6.96177e-08 	0 	0 	
0.775 1.34464e-08 	0 	0 	
0.785 2.48299e-09 	0 	0 	
0.795 4.38518e-10 	0 	0 	
0.805 7.41003e-11 	-1.22364e-31 	0 	
0.815 1.19981e-11 	-4.4051e-30 	0 	
0.825 1.86044e-12 	0 	0 	
0.835 2.79948e-13 	0 	0 	
0.845 5.73123e-14 	0 	0 	
0.855 2.42474e-14 	0 	0 	
0.865 -2.20433e-15 	0 	0 	
0.875 -8.81727e-15 	0 	0 	
0.885 8.81726e-15 	0 	0 	
0.895 1.10216e-14 	0 	0 	
0.905 -2.20431e-15 	0 	0 	
0.915 -1.54302e-14 	0 	0 	
0.925 -1.76345e-14 	0 	0 	
0.935 -1.62845e-25 	0 	0 	
0.945 1.76345e-14 	0 	0 	
0.955 1.54302e-14 	0 	0 	
0.965 4.40863e-15 	0 	0 	
0.975 0 	0 	0 	
0.985 0 	0 	0 	
0.995 0 	0 	0 	
