0.005 273.15 303975
0.015 273.15 303975
0.025 273.15 303975
0.035 273.15 303975
0.045 273.15 303975
0.055 273.15 303975
0.065 273.15 303975
0.075 273.15 303975
0.085 273.15 303975
0.095 273.15 303975
0.105 273.15 303975
0.115 273.15 303975
0.125 273.15 303975
0.135 273.15 303975
0.145 273.15 303975
0.155 273.15 303975
0.165 273.15 303975
0.175 273.15 303975
0.185 273.15 303975
0.195 273.15 303975
0.205 273.15 303975
0.215 273.15 303975
0.225 273.15 303974
0.235 273.149 303972
0.245 273.148 303968
0.255 273.146 303958
0.265 273.14 303936
0.275 273.128 303889
0.285 273.103 303793
0.295 273.055 303604
0.305 272.964 303252
0.315 272.805 302630
0.325 272.536 301585
0.335 272.107 299918
0.345 271.455 297393
0.355 270.513 293761
0.365 269.214 288786
0.375 267.498 282278
0.385 265.321 274131
0.395 262.666 264369
0.405 259.55 253173
0.415 256.034 240887
0.425 252.234 228028
0.435 248.332 215285
0.445 244.59 203468
0.455 241.337 193355
0.465 238.926 185452
0.475 237.683 179822
0.485 237.887 176134
0.495 239.687 173893
0.505 243.042 172623
0.515 248.108 171929
0.525 255.25 171556
0.535 264.355 171368
0.545 274.726 171256
0.555 285.365 171113
0.565 295.181 170820
0.575 303.271 170203
0.585 309.066 168994
0.595 312.32 166815
0.605 313.023 163218
0.615 311.317 157801
0.625 307.471 150411
0.635 301.932 141379
0.645 295.417 131605
0.655 288.894 122336
0.665 283.287 114668
0.675 279.117 109113
0.685 276.396 105545
0.695 274.804 103472
0.705 273.949 102362
0.715 273.519 101804
0.725 273.314 101537
0.735 273.22 101416
0.745 273.179 101363
0.755 273.162 101340
0.765 273.155 101331
0.775 273.151 101328
0.785 273.15 101326
0.795 273.15 101325
0.805 273.15 101325
0.815 273.15 101325
0.825 273.15 101325
0.835 273.15 101325
0.845 273.15 101325
0.855 273.15 101325
0.865 273.15 101325
0.875 273.15 101325
0.885 273.15 101325
0.895 273.15 101325
0.905 273.15 101325
0.915 273.15 101325
0.925 273.15 101325
0.935 273.15 101325
0.945 273.15 101325
0.955 273.15 101325
0.965 273.15 101325
0.975 273.15 101325
0.985 273.15 101325
0.995 273.15 101325
