0.005 273.15 303975
0.015 273.15 303975
0.025 273.15 303975
0.035 273.15 303975
0.045 273.15 303975
0.055 273.15 303975
0.065 273.15 303975
0.075 273.15 303975
0.085 273.15 303975
0.095 273.15 303975
0.105 273.15 303975
0.115 273.15 303975
0.125 273.15 303975
0.135 273.15 303975
0.145 273.15 303975
0.155 273.15 303975
0.165 273.15 303975
0.175 273.15 303975
0.185 273.15 303975
0.195 273.15 303975
0.205 273.15 303975
0.215 273.15 303975
0.225 273.15 303975
0.235 273.15 303975
0.245 273.15 303975
0.255 273.15 303975
0.265 273.15 303975
0.275 273.15 303975
0.285 273.15 303975
0.295 273.15 303975
0.305 273.15 303975
0.315 273.15 303975
0.325 273.15 303975
0.335 273.15 303975
0.345 273.15 303975
0.355 273.106 303797
0.365 272.369 300926
0.375 269.87 291418
0.385 265.564 275537
0.395 260.311 256981
0.405 254.755 238316
0.415 249.216 220669
0.425 243.951 204744
0.435 239.277 191223
0.445 235.671 181028
0.455 233.388 174679
0.465 232.143 171746
0.475 231.6 171153
0.485 231.501 171453
0.495 231.563 171727
0.505 231.864 171745
0.515 233.63 171517
0.525 239.5 171286
0.535 251.506 171256
0.545 268.823 171403
0.555 288.099 171574
0.565 304.844 171640
0.575 315.317 171568
0.585 319.306 171436
0.595 319.957 171374
0.605 319.904 171394
0.615 319.69 171372
0.625 318.908 170711
0.635 315.995 166380
0.645 307.244 151963
0.655 292.065 128059
0.665 278.738 108668
0.675 273.645 101899
0.685 273.15 101325
0.695 273.15 101325
0.705 273.15 101325
0.715 273.15 101325
0.725 273.15 101325
0.735 273.15 101325
0.745 273.15 101325
0.755 273.15 101325
0.765 273.15 101325
0.775 273.15 101325
0.785 273.15 101325
0.795 273.15 101325
0.805 273.15 101325
0.815 273.15 101325
0.825 273.15 101325
0.835 273.15 101325
0.845 273.15 101325
0.855 273.15 101325
0.865 273.15 101325
0.875 273.15 101325
0.885 273.15 101325
0.895 273.15 101325
0.905 273.15 101325
0.915 273.15 101325
0.925 273.15 101325
0.935 273.15 101325
0.945 273.15 101325
0.955 273.15 101325
0.965 273.15 101325
0.975 273.15 101325
0.985 273.15 101325
0.995 273.15 101325
