0.005 2.15679e-14 	0 	0 	
0.015 4.11472e-14 	0 	0 	
0.025 7.0538e-14 	0 	0 	
0.035 8.52335e-14 	0 	0 	
0.045 5.58426e-14 	0 	0 	
0.055 2.93908e-14 	0 	0 	
0.065 2.93909e-14 	0 	0 	
0.075 8.81725e-15 	0 	0 	
0.085 -8.81728e-15 	0 	0 	
0.095 8.81722e-15 	0 	0 	
0.105 1.76345e-14 	0 	0 	
0.115 -5.87815e-15 	0 	0 	
0.125 -3.5269e-14 	0 	0 	
0.135 -6.46598e-14 	0 	0 	
0.145 7.34773e-14 	-3.42619e-30 	0 	
0.155 1.29026e-12 	0 	0 	
0.165 8.13244e-12 	0 	0 	
0.175 4.47328e-11 	0 	0 	
0.185 2.33304e-10 	0 	0 	
0.195 1.16627e-09 	0 	0 	
0.205 5.5972e-09 	0 	0 	
0.215 2.57832e-08 	0 	0 	
0.225 1.13925e-07 	0 	0 	
0.235 4.82499e-07 	7.505e-30 	0 	
0.245 1.95711e-06 	0 	0 	
0.255 7.59588e-06 	0 	0 	
0.265 2.81806e-05 	0 	0 	
0.275 9.98267e-05 	0 	0 	
0.285 0.000337235 	0 	0 	
0.295 0.00108496 	0 	0 	
0.305 0.00331929 	0 	0 	
0.315 0.00964069 	0 	0 	
0.325 0.0265353 	0 	0 	
0.335 0.0690822 	0 	0 	
0.345 0.169778 	0 	0 	
0.355 0.393138 	0 	0 	
0.365 0.856316 	0 	0 	
0.375 1.75245 	0 	0 	
0.385 3.36834 	0 	0 	
0.395 6.08449 	0 	0 	
0.405 10.3474 	0 	0 	
0.415 16.6132 	0 	0 	
0.425 25.2719 	0 	0 	
0.435 36.5646 	0 	0 	
0.445 50.4942 	0 	0 	
0.455 66.7094 	0 	0 	
0.465 84.3139 	0 	0 	
0.475 101.61 	0 	0 	
0.485 116.076 	0 	0 	
0.495 125.377 	0 	0 	
0.505 129.307 	0 	0 	
0.515 130.036 	0 	0 	
0.525 129.661 	0 	0 	
0.535 128.586 	0 	0 	
0.545 126.126 	0 	0 	
0.555 121.164 	0 	0 	
0.565 112.407 	0 	0 	
0.575 98.9021 	-2.21226e-30 	0 	
0.585 80.8137 	-3.88167e-31 	0 	
0.595 60.0413 	0 	0 	
0.605 39.8912 	0 	0 	
0.615 23.5339 	0 	0 	
0.625 12.3891 	0 	0 	
0.635 5.904 	0 	0 	
0.645 2.59082 	0 	0 	
0.655 1.06173 	0 	0 	
0.665 0.410066 	0 	0 	
0.675 0.150054 	0 	0 	
0.685 0.0521799 	0 	0 	
0.695 0.0172757 	0 	0 	
0.705 0.0054528 	0 	0 	
0.715 0.00164263 	0 	0 	
0.725 0.000472741 	0 	0 	
0.735 0.000130098 	0 	0 	
0.745 3.42651e-05 	0 	0 	
0.755 8.64407e-06 	0 	0 	
0.765 2.09023e-06 	0 	0 	
0.775 4.84816e-07 	0 	0 	
0.785 1.0793e-07 	0 	0 	
0.795 2.30748e-08 	0 	0 	
0.805 4.74014e-09 	0 	0 	
0.815 9.36065e-10 	-6.11819e-30 	0 	
0.825 1.77769e-10 	0 	0 	
0.835 3.24784e-11 	0 	0 	
0.845 5.71578e-12 	0 	0 	
0.855 9.76512e-13 	0 	0 	
0.865 1.69732e-13 	0 	0 	
0.875 3.30647e-14 	0 	0 	
0.885 1.54302e-14 	0 	0 	
0.895 1.10216e-14 	0 	0 	
0.905 5.43285e-26 	0 	0 	
0.915 -1.54302e-14 	0 	0 	
0.925 -2.42475e-14 	0 	0 	
0.935 -2.71409e-25 	0 	0 	
0.945 2.42475e-14 	0 	0 	
0.955 1.54302e-14 	0 	0 	
0.965 2.20432e-15 	0 	0 	
0.975 0 	0 	0 	
0.985 0 	0 	0 	
0.995 0 	0 	0 	
