0.005 273.15 303975
0.015 273.15 303975
0.025 273.15 303975
0.035 273.15 303975
0.045 273.15 303975
0.055 273.15 303975
0.065 273.15 303975
0.075 273.15 303975
0.085 273.15 303975
0.095 273.15 303975
0.105 273.15 303975
0.115 273.15 303975
0.125 273.15 303975
0.135 273.15 303975
0.145 273.15 303975
0.155 273.15 303975
0.165 273.15 303975
0.175 273.15 303975
0.185 273.15 303975
0.195 273.15 303975
0.205 273.15 303975
0.215 273.15 303975
0.225 273.15 303975
0.235 273.15 303975
0.245 273.15 303975
0.255 273.15 303975
0.265 273.15 303975
0.275 273.15 303975
0.285 273.15 303975
0.295 273.15 303974
0.305 273.149 303971
0.315 273.147 303963
0.325 273.141 303941
0.335 273.127 303887
0.345 273.094 303757
0.355 273.021 303471
0.365 272.869 302878
0.375 272.575 301734
0.385 272.047 299681
0.395 271.165 296259
0.405 269.791 290955
0.415 267.791 283309
0.425 265.062 273025
0.435 261.554 260091
0.445 257.296 244858
0.455 252.423 228082
0.465 247.213 210971
0.475 242.235 195206
0.485 237.984 182760
0.495 236.091 175084
0.505 240.469 171871
0.515 253.39 171093
0.525 272.233 170802
0.535 291.214 170114
0.545 305.073 168515
0.555 311.797 165324
0.565 312.329 159819
0.575 308.554 151633
0.585 302.11 141211
0.595 294.456 129951
0.605 287.093 119703
0.615 281.235 111857
0.625 277.34 106756
0.635 275.123 103881
0.645 274.01 102439
0.655 273.501 101780
0.665 273.285 101501
0.675 273.199 101389
0.685 273.167 101347
0.695 273.156 101332
0.705 273.151 101327
0.715 273.15 101326
0.725 273.15 101325
0.735 273.15 101325
0.745 273.15 101325
0.755 273.15 101325
0.765 273.15 101325
0.775 273.15 101325
0.785 273.15 101325
0.795 273.15 101325
0.805 273.15 101325
0.815 273.15 101325
0.825 273.15 101325
0.835 273.15 101325
0.845 273.15 101325
0.855 273.15 101325
0.865 273.15 101325
0.875 273.15 101325
0.885 273.15 101325
0.895 273.15 101325
0.905 273.15 101325
0.915 273.15 101325
0.925 273.15 101325
0.935 273.15 101325
0.945 273.15 101325
0.955 273.15 101325
0.965 273.15 101325
0.975 273.15 101325
0.985 273.15 101325
0.995 273.15 101325
