0.005 273.15 303975
0.015 273.15 303975
0.025 273.15 303975
0.035 273.15 303975
0.045 273.15 303975
0.055 273.15 303975
0.065 273.15 303975
0.075 273.15 303975
0.085 273.15 303975
0.095 273.15 303975
0.105 273.15 303975
0.115 273.15 303975
0.125 273.15 303975
0.135 273.15 303975
0.145 273.15 303975
0.155 273.15 303975
0.165 273.15 303975
0.175 273.15 303975
0.185 273.15 303975
0.195 273.15 303975
0.205 273.15 303975
0.215 273.15 303975
0.225 273.15 303975
0.235 273.15 303975
0.245 273.15 303975
0.255 273.15 303975
0.265 273.15 303975
0.275 273.15 303975
0.285 273.15 303974
0.295 273.149 303972
0.305 273.148 303967
0.315 273.145 303954
0.325 273.136 303919
0.335 273.114 303835
0.345 273.066 303645
0.355 272.963 303244
0.365 272.759 302451
0.375 272.384 300990
0.385 271.737 298479
0.395 270.699 294461
0.405 269.142 288468
0.415 266.948 280122
0.425 264.038 269240
0.435 260.392 255925
0.445 256.064 240616
0.455 251.211 224124
0.465 246.13 207653
0.475 241.389 192815
0.485 237.475 181397
0.495 235.772 174554
0.505 239.713 171775
0.515 251.651 171132
0.525 269.691 170919
0.535 288.674 170412
0.545 303.377 169201
0.555 311.37 166699
0.565 313.191 162202
0.575 310.552 155177
0.585 304.982 145697
0.595 297.749 134739
0.605 290.198 123989
0.615 283.657 115084
0.625 278.925 108827
0.635 276.019 105042
0.645 274.462 103024
0.655 273.71 102051
0.665 273.375 101618
0.675 273.236 101437
0.685 273.181 101366
0.695 273.161 101339
0.705 273.154 101330
0.715 273.151 101326
0.725 273.15 101325
0.735 273.15 101325
0.745 273.15 101325
0.755 273.15 101325
0.765 273.15 101325
0.775 273.15 101325
0.785 273.15 101325
0.795 273.15 101325
0.805 273.15 101325
0.815 273.15 101325
0.825 273.15 101325
0.835 273.15 101325
0.845 273.15 101325
0.855 273.15 101325
0.865 273.15 101325
0.875 273.15 101325
0.885 273.15 101325
0.895 273.15 101325
0.905 273.15 101325
0.915 273.15 101325
0.925 273.15 101325
0.935 273.15 101325
0.945 273.15 101325
0.955 273.15 101325
0.965 273.15 101325
0.975 273.15 101325
0.985 273.15 101325
0.995 273.15 101325
