0.005 273.15 303975
0.015 273.15 303975
0.025 273.15 303975
0.035 273.15 303975
0.045 273.15 303975
0.055 273.15 303975
0.065 273.15 303975
0.075 273.15 303975
0.085 273.15 303975
0.095 273.15 303975
0.105 273.15 303975
0.115 273.15 303975
0.125 273.15 303975
0.135 273.15 303975
0.145 273.15 303975
0.155 273.15 303975
0.165 273.15 303975
0.175 273.15 303975
0.185 273.15 303975
0.195 273.15 303975
0.205 273.15 303975
0.215 273.15 303974
0.225 273.149 303972
0.235 273.148 303968
0.245 273.146 303958
0.255 273.14 303937
0.265 273.129 303892
0.275 273.105 303801
0.285 273.06 303627
0.295 272.978 303305
0.305 272.833 302741
0.315 272.591 301800
0.325 272.207 300306
0.335 271.624 298048
0.345 270.783 294799
0.355 269.62 290341
0.365 268.081 284487
0.375 266.121 277120
0.385 263.717 268232
0.395 260.879 257944
0.405 257.645 246515
0.415 254.099 234346
0.425 250.374 221981
0.435 246.664 210086
0.445 243.22 199372
0.455 240.327 190437
0.465 238.261 183583
0.475 237.272 178738
0.485 237.587 175559
0.495 239.307 173618
0.505 242.394 172510
0.515 247.053 171892
0.525 253.65 171554
0.535 262.125 171387
0.545 271.936 171300
0.555 282.255 171212
0.565 292.101 171042
0.575 300.6 170677
0.585 307.151 169932
0.595 311.457 168529
0.605 313.447 166092
0.615 313.189 162195
0.625 310.828 156488
0.635 306.6 148898
0.645 300.911 139831
0.655 294.442 130219
0.665 288.107 121261
0.675 282.747 113951
0.685 278.802 108702
0.695 276.239 105341
0.705 274.737 103386
0.715 273.925 102331
0.725 273.513 101796
0.735 273.314 101537
0.745 273.221 101417
0.755 273.18 101364
0.765 273.162 101341
0.775 273.155 101331
0.785 273.152 101328
0.795 273.151 101326
0.805 273.15 101325
0.815 273.15 101325
0.825 273.15 101325
0.835 273.15 101325
0.845 273.15 101325
0.855 273.15 101325
0.865 273.15 101325
0.875 273.15 101325
0.885 273.15 101325
0.895 273.15 101325
0.905 273.15 101325
0.915 273.15 101325
0.925 273.15 101325
0.935 273.15 101325
0.945 273.15 101325
0.955 273.15 101325
0.965 273.15 101325
0.975 273.15 101325
0.985 273.15 101325
0.995 273.15 101325
