0.005 3.67605e-14 	0 	0 	
0.015 6.7599e-14 	0 	0 	
0.025 1.26381e-13 	0 	0 	
0.035 3.29177e-13 	0 	0 	
0.045 1.11391e-12 	0 	0 	
0.055 4.38511e-12 	0 	0 	
0.065 1.78109e-11 	0 	0 	
0.075 7.117e-11 	0 	0 	
0.085 2.77121e-10 	0 	0 	
0.095 1.04969e-09 	0 	0 	
0.105 3.86665e-09 	0 	0 	
0.115 1.38472e-08 	0 	0 	
0.125 4.81896e-08 	0 	0 	
0.135 1.62893e-07 	0 	0 	
0.145 5.34541e-07 	-5.22087e-30 	0 	
0.155 1.70198e-06 	9.78913e-31 	0 	
0.165 5.25485e-06 	0 	0 	
0.175 1.57229e-05 	0 	0 	
0.185 4.55593e-05 	0 	0 	
0.195 0.000127758 	0 	0 	
0.205 0.000346441 	0 	0 	
0.215 0.00090772 	0 	0 	
0.225 0.00229605 	0 	0 	
0.235 0.00560168 	1.14208e-29 	0 	
0.245 0.0131687 	3.26315e-31 	0 	
0.255 0.0297996 	0 	0 	
0.265 0.0648444 	0 	0 	
0.275 0.135541 	0 	0 	
0.285 0.271878 	0 	0 	
0.295 0.522879 	0 	0 	
0.305 0.963532 	0 	0 	
0.315 1.70067 	0 	0 	
0.325 2.87548 	0 	0 	
0.335 4.66025 	0 	0 	
0.345 7.24869 	0 	0 	
0.355 10.8413 	0 	0 	
0.365 15.6303 	0 	0 	
0.375 21.7775 	0 	0 	
0.385 29.382 	0 	0 	
0.395 38.4557 	0 	0 	
0.405 48.9025 	0 	0 	
0.415 60.4857 	0 	0 	
0.425 72.7863 	0 	0 	
0.435 85.1744 	0 	0 	
0.445 96.8458 	0 	0 	
0.455 106.989 	0 	0 	
0.465 115.049 	0 	0 	
0.475 120.904 	0 	0 	
0.485 124.824 	0 	0 	
0.495 127.25 	0 	0 	
0.505 128.644 	0 	0 	
0.515 129.421 	0 	0 	
0.525 129.837 	0 	0 	
0.535 130.018 	0 	0 	
0.545 130.047 	0 	0 	
0.555 129.959 	0 	0 	
0.565 129.708 	0 	0 	
0.575 129.153 	-1.76082e-30 	0 	
0.585 128.023 	-1.14971e-30 	0 	
0.595 125.888 	0 	0 	
0.605 122.138 	0 	0 	
0.615 116.035 	0 	0 	
0.625 106.857 	0 	0 	
0.635 94.1915 	0 	0 	
0.645 78.3333 	0 	0 	
0.655 60.5819 	0 	0 	
0.665 43.0758 	0 	0 	
0.675 28.0121 	0 	0 	
0.685 16.7051 	0 	0 	
0.695 9.22234 	0 	0 	
0.705 4.77221 	0 	0 	
0.715 2.34134 	0 	0 	
0.725 1.09836 	0 	0 	
0.735 0.49532 	0 	0 	
0.745 0.215397 	0 	0 	
0.755 0.0904847 	0 	0 	
0.765 0.0367573 	0 	0 	
0.775 0.0144493 	0 	0 	
0.785 0.0054995 	0 	0 	
0.795 0.00202758 	0 	0 	
0.805 0.000724456 	-1.22364e-31 	0 	
0.815 0.000250971 	-1.10128e-29 	0 	
0.825 8.43351e-05 	0 	0 	
0.835 2.75017e-05 	0 	0 	
0.845 8.70702e-06 	0 	0 	
0.855 2.67746e-06 	0 	0 	
0.865 8.00021e-07 	0 	0 	
0.875 2.32371e-07 	0 	0 	
0.885 6.56344e-08 	0 	0 	
0.895 1.80348e-08 	0 	0 	
0.905 4.8226e-09 	0 	0 	
0.915 1.25545e-09 	0 	0 	
0.925 3.18283e-10 	0 	0 	
0.935 7.86015e-11 	0 	0 	
0.945 1.89042e-11 	0 	0 	
0.955 4.42626e-12 	0 	0 	
0.965 1.0206e-12 	0 	0 	
0.975 2.38066e-13 	0 	0 	
0.985 4.8495e-14 	0 	0 	
0.995 4.40863e-15 	0 	0 	
