0.005 273.15 303975
0.015 273.15 303975
0.025 273.15 303975
0.035 273.15 303975
0.045 273.15 303975
0.055 273.15 303975
0.065 273.15 303975
0.075 273.15 303975
0.085 273.15 303975
0.095 273.15 303975
0.105 273.15 303975
0.115 273.15 303975
0.125 273.15 303975
0.135 273.15 303975
0.145 273.15 303975
0.155 273.15 303975
0.165 273.15 303975
0.175 273.15 303975
0.185 273.15 303975
0.195 273.15 303975
0.205 273.15 303975
0.215 273.15 303975
0.225 273.15 303975
0.235 273.15 303975
0.245 273.15 303975
0.255 273.15 303975
0.265 273.15 303975
0.275 273.15 303975
0.285 273.15 303975
0.295 273.15 303975
0.305 273.15 303975
0.315 273.15 303975
0.325 273.15 303975
0.335 273.15 303975
0.345 273.15 303975
0.355 273.15 303975
0.365 273.15 303975
0.375 273.15 303975
0.385 273.15 303975
0.395 273.15 303975
0.405 273.15 303975
0.415 273.122 303846
0.425 272.13 299927
0.435 268.304 285479
0.445 261.257 260373
0.455 252.58 231908
0.465 243.994 206391
0.475 237.146 187140
0.485 233.769 175801
0.495 234.441 171226
0.505 240.24 170106
0.515 254.327 170413
0.525 276.139 171463
0.535 298.142 172440
0.545 312.536 172677
0.555 317.63 170660
0.565 313.605 160359
0.575 299.651 137754
0.585 283.214 114289
0.595 274.69 103171
0.605 273.15 101325
0.615 273.15 101325
0.625 273.15 101325
0.635 273.15 101325
0.645 273.15 101325
0.655 273.15 101325
0.665 273.15 101325
0.675 273.15 101325
0.685 273.15 101325
0.695 273.15 101325
0.705 273.15 101325
0.715 273.15 101325
0.725 273.15 101325
0.735 273.15 101325
0.745 273.15 101325
0.755 273.15 101325
0.765 273.15 101325
0.775 273.15 101325
0.785 273.15 101325
0.795 273.15 101325
0.805 273.15 101325
0.815 273.15 101325
0.825 273.15 101325
0.835 273.15 101325
0.845 273.15 101325
0.855 273.15 101325
0.865 273.15 101325
0.875 273.15 101325
0.885 273.15 101325
0.895 273.15 101325
0.905 273.15 101325
0.915 273.15 101325
0.925 273.15 101325
0.935 273.15 101325
0.945 273.15 101325
0.955 273.15 101325
0.965 273.15 101325
0.975 273.15 101325
0.985 273.15 101325
0.995 273.15 101325
