0.005 3.08824e-14 	0 	0 	
0.015 4.99645e-14 	0 	0 	
0.025 9.11116e-14 	0 	0 	
0.035 1.82223e-13 	0 	0 	
0.045 4.49681e-13 	0 	0 	
0.055 1.61356e-12 	0 	0 	
0.065 6.61883e-12 	0 	0 	
0.075 2.72424e-11 	0 	0 	
0.085 1.09628e-10 	0 	0 	
0.095 4.29285e-10 	0 	0 	
0.105 1.6343e-09 	0 	0 	
0.115 6.0468e-09 	0 	0 	
0.125 2.17345e-08 	0 	0 	
0.135 7.58591e-08 	0 	0 	
0.145 2.56968e-07 	-5.54717e-30 	0 	
0.155 8.4436e-07 	0 	0 	
0.165 2.68968e-06 	0 	0 	
0.175 8.30093e-06 	0 	0 	
0.185 2.48038e-05 	0 	0 	
0.195 7.17082e-05 	0 	0 	
0.205 0.000200422 	0 	0 	
0.215 0.00054113 	0 	0 	
0.225 0.00141013 	0 	0 	
0.235 0.00354337 	1.30523e-29 	0 	
0.245 0.00857732 	0 	0 	
0.255 0.019981 	0 	0 	
0.265 0.044745 	0 	0 	
0.275 0.0962186 	0 	0 	
0.285 0.19847 	0 	0 	
0.295 0.3923 	0 	0 	
0.305 0.742465 	0 	0 	
0.315 1.3447 	0 	0 	
0.325 2.33024 	0 	0 	
0.335 3.86495 	0 	0 	
0.345 6.14104 	0 	0 	
0.355 9.361 	0 	0 	
0.365 13.7164 	0 	0 	
0.375 19.365 	0 	0 	
0.385 26.4113 	0 	0 	
0.395 34.8904 	0 	0 	
0.405 44.7574 	0 	0 	
0.415 55.8746 	0 	0 	
0.425 67.9923 	0 	0 	
0.435 80.7166 	0 	0 	
0.445 93.462 	0 	0 	
0.455 105.416 	0 	0 	
0.465 115.59 	0 	0 	
0.475 123.09 	0 	0 	
0.485 127.583 	0 	0 	
0.495 129.59 	0 	0 	
0.505 130.171 	0 	0 	
0.515 130.238 	0 	0 	
0.525 130.207 	0 	0 	
0.535 130.162 	0 	0 	
0.545 130.087 	0 	0 	
0.555 129.933 	0 	0 	
0.565 129.597 	0 	0 	
0.575 128.88 	-2.99907e-30 	0 	
0.585 127.442 	-1.6937e-30 	0 	
0.595 124.768 	0 	0 	
0.605 120.166 	0 	0 	
0.615 112.858 	0 	0 	
0.625 102.185 	0 	0 	
0.635 87.9755 	0 	0 	
0.645 70.9456 	0 	0 	
0.655 52.8519 	0 	0 	
0.665 36.0345 	0 	0 	
0.675 22.4423 	0 	0 	
0.685 12.8452 	0 	0 	
0.695 6.83492 	0 	0 	
0.705 3.42389 	0 	0 	
0.715 1.63158 	0 	0 	
0.725 0.74486 	0 	0 	
0.735 0.327166 	0 	0 	
0.745 0.138594 	0 	0 	
0.755 0.0567038 	0 	0 	
0.765 0.0224257 	0 	0 	
0.775 0.00857875 	0 	0 	
0.785 0.00317596 	0 	0 	
0.795 0.00113844 	0 	0 	
0.805 0.000395313 	0 	0 	
0.815 0.000133036 	-1.17469e-29 	0 	
0.825 4.34114e-05 	0 	0 	
0.835 1.37417e-05 	0 	0 	
0.845 4.22157e-06 	0 	0 	
0.855 1.2592e-06 	0 	0 	
0.865 3.64831e-07 	0 	0 	
0.875 1.02715e-07 	0 	0 	
0.885 2.81124e-08 	0 	0 	
0.895 7.48239e-09 	0 	0 	
0.905 1.93739e-09 	0 	0 	
0.915 4.88185e-10 	0 	0 	
0.925 1.19776e-10 	0 	0 	
0.935 2.86318e-11 	0 	0 	
0.945 6.67025e-12 	0 	0 	
0.955 1.52318e-12 	0 	0 	
0.965 3.59304e-13 	0 	0 	
0.975 9.47856e-14 	0 	0 	
0.985 2.20432e-14 	0 	0 	
0.995 2.20432e-15 	0 	0 	
