0.005 273.15 303975
0.015 273.15 303975
0.025 273.15 303975
0.035 273.15 303975
0.045 273.15 303975
0.055 273.15 303975
0.065 273.15 303975
0.075 273.15 303975
0.085 273.15 303975
0.095 273.15 303975
0.105 273.15 303975
0.115 273.15 303975
0.125 273.15 303975
0.135 273.15 303975
0.145 273.15 303975
0.155 273.15 303975
0.165 273.15 303975
0.175 273.15 303975
0.185 273.15 303975
0.195 273.15 303975
0.205 273.15 303975
0.215 273.15 303975
0.225 273.15 303975
0.235 273.15 303975
0.245 273.15 303975
0.255 273.15 303975
0.265 273.15 303975
0.275 273.15 303975
0.285 273.15 303974
0.295 273.149 303970
0.305 273.146 303961
0.315 273.141 303939
0.325 273.127 303884
0.335 273.095 303759
0.345 273.026 303489
0.355 272.886 302944
0.365 272.621 301912
0.375 272.152 300088
0.385 271.376 297078
0.395 270.174 292437
0.405 268.427 285742
0.415 266.031 276681
0.425 262.915 265114
0.435 259.06 251166
0.445 254.546 235365
0.455 249.625 218788
0.465 244.857 203103
0.475 241.269 190233
0.485 240.103 181353
0.495 242.126 176165
0.505 247.277 173460
0.515 255.434 172103
0.525 266.569 171358
0.535 279.518 170732
0.545 292.077 169728
0.555 302.094 167747
0.565 308.066 164107
0.575 309.44 158189
0.585 306.599 149775
0.595 300.7 139422
0.605 293.394 128520
0.615 286.385 118773
0.625 280.863 111380
0.635 277.195 106573
0.645 275.091 103840
0.655 274.016 102448
0.665 273.514 101797
0.675 273.295 101513
0.685 273.205 101396
0.695 273.17 101351
0.705 273.157 101334
0.715 273.153 101328
0.725 273.151 101326
0.735 273.15 101325
0.745 273.15 101325
0.755 273.15 101325
0.765 273.15 101325
0.775 273.15 101325
0.785 273.15 101325
0.795 273.15 101325
0.805 273.15 101325
0.815 273.15 101325
0.825 273.15 101325
0.835 273.15 101325
0.845 273.15 101325
0.855 273.15 101325
0.865 273.15 101325
0.875 273.15 101325
0.885 273.15 101325
0.895 273.15 101325
0.905 273.15 101325
0.915 273.15 101325
0.925 273.15 101325
0.935 273.15 101325
0.945 273.15 101325
0.955 273.15 101325
0.965 273.15 101325
0.975 273.15 101325
0.985 273.15 101325
0.995 273.15 101325
