0.005 2.79433e-14 	0 	0 	
0.015 4.70253e-14 	0 	0 	
0.025 7.93552e-14 	0 	0 	
0.035 9.99287e-14 	0 	0 	
0.045 8.22943e-14 	0 	0 	
0.055 4.11472e-14 	0 	0 	
0.065 -5.87815e-15 	0 	0 	
0.075 -3.23299e-14 	0 	0 	
0.085 -2.05736e-14 	0 	0 	
0.095 1.17563e-14 	0 	0 	
0.105 2.05736e-14 	0 	0 	
0.115 2.93908e-15 	0 	0 	
0.125 8.22945e-14 	0 	0 	
0.135 7.05381e-13 	0 	0 	
0.145 4.23227e-12 	-3.09989e-30 	0 	
0.155 2.26574e-11 	9.78913e-31 	0 	
0.165 1.14145e-10 	0 	0 	
0.175 5.51141e-10 	0 	0 	
0.185 2.56055e-09 	0 	0 	
0.195 1.14502e-08 	0 	0 	
0.205 4.92636e-08 	0 	0 	
0.215 2.03795e-07 	0 	0 	
0.225 8.10027e-07 	0 	0 	
0.235 3.09097e-06 	6.85239e-30 	0 	
0.245 1.13135e-05 	3.26303e-31 	0 	
0.255 3.96814e-05 	0 	0 	
0.265 0.00013323 	0 	0 	
0.275 0.000427699 	0 	0 	
0.285 0.00131112 	0 	0 	
0.295 0.00383269 	0 	0 	
0.305 0.0106677 	0 	0 	
0.315 0.0282247 	0 	0 	
0.325 0.0708652 	0 	0 	
0.335 0.168544 	0 	0 	
0.345 0.379082 	0 	0 	
0.355 0.80511 	0 	0 	
0.365 1.61298 	0 	0 	
0.375 3.04724 	0 	0 	
0.385 5.43161 	0 	0 	
0.395 9.14919 	0 	0 	
0.405 14.6019 	0 	0 	
0.415 22.1596 	0 	0 	
0.425 32.1202 	0 	0 	
0.435 44.6365 	0 	0 	
0.445 59.5448 	0 	0 	
0.455 76.1112 	0 	0 	
0.465 92.7558 	0 	0 	
0.475 107.2 	0 	0 	
0.485 117.641 	0 	0 	
0.495 123.953 	0 	0 	
0.505 127.292 	0 	0 	
0.515 128.891 	0 	0 	
0.525 129.459 	0 	0 	
0.535 129.19 	0 	0 	
0.545 127.877 	0 	0 	
0.555 124.9 	0 	0 	
0.565 119.246 	0 	0 	
0.575 109.776 	-1.95199e-30 	0 	
0.585 95.7644 	-9.28202e-31 	0 	
0.595 77.6122 	0 	0 	
0.605 57.3125 	0 	0 	
0.615 38.0045 	0 	0 	
0.625 22.512 	0 	0 	
0.635 11.9822 	0 	0 	
0.645 5.81179 	0 	0 	
0.655 2.61039 	0 	0 	
0.665 1.09989 	0 	0 	
0.675 0.438445 	0 	0 	
0.685 0.166161 	0 	0 	
0.695 0.0600347 	0 	0 	
0.705 0.0207149 	0 	0 	
0.715 0.00683437 	0 	0 	
0.725 0.00215816 	0 	0 	
0.735 0.000652872 	0 	0 	
0.745 0.000189362 	0 	0 	
0.755 5.27015e-05 	0 	0 	
0.765 1.40845e-05 	0 	0 	
0.775 3.61707e-06 	0 	0 	
0.785 8.93207e-07 	0 	0 	
0.795 2.12225e-07 	0 	0 	
0.805 4.85438e-08 	-1.22364e-31 	0 	
0.815 1.06953e-08 	-6.36293e-30 	0 	
0.825 2.27081e-09 	0 	0 	
0.835 4.64801e-10 	0 	0 	
0.845 9.17325e-11 	0 	0 	
0.855 1.7478e-11 	0 	0 	
0.865 3.24475e-12 	0 	0 	
0.875 6.01778e-13 	0 	0 	
0.885 1.23442e-13 	0 	0 	
0.895 3.30647e-14 	0 	0 	
0.905 2.20433e-15 	0 	0 	
0.915 -1.54302e-14 	0 	0 	
0.925 -1.76345e-14 	0 	0 	
0.935 -1.62845e-25 	0 	0 	
0.945 1.76345e-14 	0 	0 	
0.955 1.54302e-14 	0 	0 	
0.965 4.40863e-15 	0 	0 	
0.975 0 	0 	0 	
0.985 0 	0 	0 	
0.995 0 	0 	0 	
