0.005 273.15 303975
0.015 273.15 303975
0.025 273.15 303975
0.035 273.15 303975
0.045 273.15 303975
0.055 273.15 303975
0.065 273.15 303975
0.075 273.15 303975
0.085 273.15 303975
0.095 273.15 303975
0.105 273.15 303975
0.115 273.15 303975
0.125 273.15 303975
0.135 273.15 303975
0.145 273.15 303975
0.155 273.15 303975
0.165 273.15 303975
0.175 273.15 303975
0.185 273.15 303975
0.195 273.15 303975
0.205 273.15 303975
0.215 273.15 303975
0.225 273.15 303975
0.235 273.15 303975
0.245 273.15 303975
0.255 273.15 303975
0.265 273.15 303975
0.275 273.15 303974
0.285 273.149 303971
0.295 273.147 303965
0.305 273.143 303948
0.315 273.133 303907
0.325 273.108 303810
0.335 273.053 303596
0.345 272.94 303153
0.355 272.72 302295
0.365 272.321 300736
0.375 271.647 298097
0.385 270.584 293943
0.395 269.024 287868
0.405 266.89 279618
0.415 264.167 269208
0.425 260.926 256976
0.435 257.326 243555
0.445 253.618 229760
0.455 250.134 216453
0.465 247.276 204398
0.475 245.508 194168
0.485 245.318 186077
0.495 247.153 180160
0.505 251.304 176193
0.515 257.791 173764
0.525 266.259 172359
0.535 275.959 171430
0.545 285.824 170415
0.555 294.632 168703
0.565 301.225 165627
0.575 304.719 160541
0.585 304.69 153071
0.595 301.346 143451
0.605 295.615 132725
0.615 288.999 122485
0.625 283.033 114158
0.635 278.638 108363
0.645 275.909 104857
0.655 274.431 102969
0.665 273.708 102044
0.675 273.38 101623
0.685 273.241 101443
0.695 273.184 101369
0.705 273.162 101341
0.715 273.154 101330
0.725 273.151 101327
0.735 273.15 101325
0.745 273.15 101325
0.755 273.15 101325
0.765 273.15 101325
0.775 273.15 101325
0.785 273.15 101325
0.795 273.15 101325
0.805 273.15 101325
0.815 273.15 101325
0.825 273.15 101325
0.835 273.15 101325
0.845 273.15 101325
0.855 273.15 101325
0.865 273.15 101325
0.875 273.15 101325
0.885 273.15 101325
0.895 273.15 101325
0.905 273.15 101325
0.915 273.15 101325
0.925 273.15 101325
0.935 273.15 101325
0.945 273.15 101325
0.955 273.15 101325
0.965 273.15 101325
0.975 273.15 101325
0.985 273.15 101325
0.995 273.15 101325
