0.005 1.15663e-13 	0 	0 	
0.015 3.67386e-13 	0 	0 	
0.025 1.31083e-12 	0 	0 	
0.035 5.02291e-12 	0 	0 	
0.045 1.94626e-11 	0 	0 	
0.055 7.43472e-11 	0 	0 	
0.065 2.77518e-10 	0 	0 	
0.075 1.00997e-09 	0 	0 	
0.085 3.58099e-09 	0 	0 	
0.095 1.23641e-08 	0 	0 	
0.105 4.15533e-08 	0 	0 	
0.115 1.35873e-07 	0 	0 	
0.125 4.32057e-07 	0 	0 	
0.135 1.3354e-06 	0 	0 	
0.145 4.00968e-06 	-6.19977e-30 	0 	
0.155 1.16893e-05 	0 	0 	
0.165 3.30666e-05 	0 	0 	
0.175 9.07051e-05 	0 	0 	
0.185 0.000241112 	0 	0 	
0.195 0.000620637 	0 	0 	
0.205 0.00154581 	0 	0 	
0.215 0.00372238 	0 	0 	
0.225 0.00865878 	0 	0 	
0.235 0.019439 	1.43581e-29 	0 	
0.245 0.0420791 	0 	0 	
0.255 0.0877453 	0 	0 	
0.265 0.176093 	0 	0 	
0.275 0.339816 	0 	0 	
0.285 0.630109 	0 	0 	
0.295 1.12211 	0 	0 	
0.305 1.91873 	0 	0 	
0.315 3.15093 	0 	0 	
0.325 4.97266 	0 	0 	
0.335 7.55019 	0 	0 	
0.345 11.0468 	0 	0 	
0.355 15.6058 	0 	0 	
0.365 21.3343 	0 	0 	
0.375 28.2915 	0 	0 	
0.385 36.4798 	0 	0 	
0.395 45.8395 	0 	0 	
0.405 56.2414 	0 	0 	
0.415 67.4757 	0 	0 	
0.425 79.231 	0 	0 	
0.435 91.0626 	0 	0 	
0.445 102.364 	0 	0 	
0.455 112.38 	0 	0 	
0.465 120.34 	0 	0 	
0.475 125.75 	0 	0 	
0.485 128.709 	0 	0 	
0.495 129.907 	0 	0 	
0.505 130.215 	0 	0 	
0.515 130.237 	0 	0 	
0.525 130.212 	0 	0 	
0.535 130.184 	0 	0 	
0.545 130.148 	0 	0 	
0.555 130.088 	0 	0 	
0.565 129.969 	0 	0 	
0.575 129.716 	-3.27394e-30 	0 	
0.585 129.189 	-2.34068e-30 	0 	
0.595 128.142 	0 	0 	
0.605 126.191 	0 	0 	
0.615 122.796 	0 	0 	
0.625 117.289 	0 	0 	
0.635 108.98 	0 	0 	
0.645 97.3936 	0 	0 	
0.655 82.6118 	0 	0 	
0.665 65.5938 	0 	0 	
0.675 48.1756 	0 	0 	
0.685 32.5054 	0 	0 	
0.695 20.1564 	0 	0 	
0.705 11.5715 	0 	0 	
0.715 6.22087 	0 	0 	
0.725 3.16834 	0 	0 	
0.735 1.54284 	0 	0 	
0.745 0.722744 	0 	0 	
0.755 0.326902 	0 	0 	
0.765 0.143063 	0 	0 	
0.775 0.0606498 	0 	0 	
0.785 0.0249254 	0 	0 	
0.795 0.00993552 	0 	0 	
0.805 0.00384294 	0 	0 	
0.815 0.00144289 	-1.29705e-29 	0 	
0.825 0.000526099 	0 	0 	
0.835 0.000186355 	0 	0 	
0.845 6.41541e-05 	0 	0 	
0.855 2.14728e-05 	0 	0 	
0.865 6.99042e-06 	0 	0 	
0.875 2.21429e-06 	0 	0 	
0.885 6.82723e-07 	0 	0 	
0.895 2.0497e-07 	0 	0 	
0.905 5.99416e-08 	0 	0 	
0.915 1.70806e-08 	0 	0 	
0.925 4.74417e-09 	0 	0 	
0.935 1.28481e-09 	0 	0 	
0.945 3.3939e-10 	0 	0 	
0.955 8.74893e-11 	0 	0 	
0.965 2.20299e-11 	0 	0 	
0.975 5.43364e-12 	0 	0 	
0.985 1.32479e-12 	0 	0 	
0.995 3.19385e-13 	0 	0 	
