0.005 273.15 303975
0.015 273.15 303975
0.025 273.15 303975
0.035 273.15 303975
0.045 273.15 303975
0.055 273.15 303975
0.065 273.15 303975
0.075 273.15 303975
0.085 273.15 303975
0.095 273.15 303975
0.105 273.15 303975
0.115 273.15 303975
0.125 273.15 303975
0.135 273.15 303975
0.145 273.15 303975
0.155 273.15 303975
0.165 273.15 303975
0.175 273.15 303975
0.185 273.15 303975
0.195 273.15 303974
0.205 273.15 303973
0.215 273.149 303970
0.225 273.147 303964
0.235 273.144 303950
0.245 273.136 303921
0.255 273.121 303863
0.265 273.092 303749
0.275 273.038 303540
0.285 272.943 303168
0.295 272.781 302539
0.305 272.52 301522
0.315 272.117 299956
0.325 271.522 297654
0.335 270.684 294422
0.345 269.552 290086
0.355 268.085 284515
0.365 266.254 277643
0.375 264.047 269487
0.385 261.47 260150
0.395 258.551 249816
0.405 255.335 238744
0.415 251.894 227256
0.425 248.324 215743
0.435 244.761 204659
0.445 241.384 194524
0.455 238.419 185898
0.465 236.096 179273
0.475 234.575 174884
0.485 233.825 172524
0.495 233.702 171574
0.505 234.515 171325
0.515 237.441 171298
0.525 243.965 171305
0.535 254.737 171309
0.545 268.827 171302
0.555 283.937 171277
0.565 297.422 171210
0.575 307.489 171053
0.585 313.74 170713
0.595 316.822 170028
0.605 317.68 168752
0.615 317.02 166544
0.625 315.16 163013
0.635 312.127 157810
0.645 307.86 150798
0.655 302.429 142236
0.665 296.213 132877
0.675 289.911 123817
0.685 284.321 116092
0.695 279.992 110281
0.705 277.036 106386
0.715 275.223 104018
0.725 274.201 102689
0.735 273.66 101987
0.745 273.389 101635
0.755 273.258 101465
0.765 273.197 101387
0.775 273.17 101351
0.785 273.159 101336
0.795 273.154 101329
0.805 273.151 101326
0.815 273.15 101325
0.825 273.15 101325
0.835 273.15 101325
0.845 273.15 101325
0.855 273.15 101325
0.865 273.15 101325
0.875 273.15 101325
0.885 273.15 101325
0.895 273.15 101325
0.905 273.15 101325
0.915 273.15 101325
0.925 273.15 101325
0.935 273.15 101325
0.945 273.15 101325
0.955 273.15 101325
0.965 273.15 101325
0.975 273.15 101325
0.985 273.15 101325
0.995 273.15 101325
