0.005 2.79433e-14 	0 	0 	
0.015 4.70253e-14 	0 	0 	
0.025 7.64162e-14 	0 	0 	
0.035 9.11116e-14 	0 	0 	
0.045 7.34772e-14 	0 	0 	
0.055 3.82082e-14 	0 	0 	
0.065 -2.93905e-15 	0 	0 	
0.075 -2.93908e-14 	0 	0 	
0.085 -2.64518e-14 	0 	0 	
0.095 2.9391e-15 	0 	0 	
0.105 1.76345e-14 	0 	0 	
0.115 5.87818e-15 	0 	0 	
0.125 9.40507e-14 	0 	0 	
0.135 7.87676e-13 	0 	0 	
0.145 4.68198e-12 	-3.26305e-31 	0 	
0.155 2.49529e-11 	0 	0 	
0.165 1.25919e-10 	0 	0 	
0.175 6.09648e-10 	0 	0 	
0.185 2.84046e-09 	0 	0 	
0.195 1.27397e-08 	0 	0 	
0.205 5.49802e-08 	0 	0 	
0.215 2.28167e-07 	0 	0 	
0.225 9.09889e-07 	1.63152e-31 	0 	
0.235 3.4839e-06 	9.78913e-31 	0 	
0.245 1.27969e-05 	3.26303e-31 	0 	
0.255 4.50496e-05 	0 	0 	
0.265 0.000151832 	0 	0 	
0.275 0.000489352 	0 	0 	
0.285 0.0015063 	0 	0 	
0.295 0.00442214 	0 	0 	
0.305 0.0123629 	0 	0 	
0.315 0.0328594 	0 	0 	
0.325 0.0828859 	0 	0 	
0.335 0.198049 	0 	0 	
0.345 0.447418 	0 	0 	
0.355 0.953944 	0 	0 	
0.365 1.91657 	0 	0 	
0.375 3.62442 	0 	0 	
0.385 6.44857 	0 	0 	
0.395 10.7983 	0 	0 	
0.405 17.0399 	0 	0 	
0.415 25.3941 	0 	0 	
0.425 35.8441 	0 	0 	
0.435 48.0856 	0 	0 	
0.445 61.5364 	0 	0 	
0.455 75.4015 	0 	0 	
0.465 88.7812 	0 	0 	
0.475 100.809 	0 	0 	
0.485 110.808 	0 	0 	
0.495 118.42 	0 	0 	
0.505 123.668 	0 	0 	
0.515 126.877 	0 	0 	
0.525 128.486 	0 	0 	
0.535 128.785 	0 	0 	
0.545 127.714 	0 	0 	
0.555 124.75 	0 	0 	
0.565 118.97 	0 	0 	
0.575 109.314 	-6.99292e-31 	0 	
0.585 95.1272 	-3.68372e-31 	0 	
0.595 76.868 	0 	0 	
0.605 56.5746 	0 	0 	
0.615 37.3881 	0 	0 	
0.625 22.0797 	0 	0 	
0.635 11.7249 	0 	0 	
0.645 5.67853 	0 	0 	
0.655 2.54845 	0 	0 	
0.665 1.07341 	0 	0 	
0.675 0.42785 	0 	0 	
0.685 0.162157 	0 	0 	
0.695 0.0585982 	0 	0 	
0.705 0.0202239 	0 	0 	
0.715 0.00667425 	0 	0 	
0.725 0.00210826 	0 	0 	
0.735 0.000637989 	0 	0 	
0.745 0.000185112 	0 	0 	
0.755 5.15377e-05 	0 	0 	
0.765 1.37788e-05 	0 	0 	
0.775 3.53993e-06 	0 	0 	
0.785 8.74506e-07 	0 	0 	
0.795 2.07865e-07 	0 	0 	
0.805 4.75656e-08 	-1.22364e-31 	0 	
0.815 1.04841e-08 	-1.22364e-30 	0 	
0.825 2.22686e-09 	0 	0 	
0.835 4.55998e-10 	0 	0 	
0.845 9.00638e-11 	0 	0 	
0.855 1.71804e-11 	0 	0 	
0.865 3.18744e-12 	0 	0 	
0.875 5.97369e-13 	0 	0 	
0.885 1.34463e-13 	0 	0 	
0.895 4.62906e-14 	0 	0 	
0.905 1.10216e-14 	0 	0 	
0.915 -1.32259e-14 	0 	0 	
0.925 -1.98388e-14 	0 	0 	
0.935 -1.32259e-14 	0 	0 	
0.945 6.61295e-15 	0 	0 	
0.955 2.64518e-14 	0 	0 	
0.965 1.76345e-14 	0 	0 	
0.975 2.20432e-15 	0 	0 	
0.985 0 	0 	0 	
0.995 0 	0 	0 	
