0.005 273.15 303975
0.015 273.15 303975
0.025 273.15 303975
0.035 273.15 303975
0.045 273.15 303975
0.055 273.15 303975
0.065 273.15 303975
0.075 273.15 303975
0.085 273.15 303975
0.095 273.15 303975
0.105 273.15 303975
0.115 273.15 303975
0.125 273.15 303975
0.135 273.15 303975
0.145 273.15 303975
0.155 273.15 303975
0.165 273.15 303975
0.175 273.15 303975
0.185 273.15 303975
0.195 273.15 303975
0.205 273.15 303975
0.215 273.15 303975
0.225 273.15 303975
0.235 273.15 303975
0.245 273.15 303974
0.255 273.149 303971
0.265 273.147 303964
0.275 273.143 303949
0.285 273.135 303915
0.295 273.116 303841
0.305 273.077 303688
0.315 273.001 303392
0.325 272.86 302845
0.335 272.614 301889
0.345 272.208 300311
0.355 271.573 297848
0.365 270.632 294214
0.375 269.309 289139
0.385 267.54 282418
0.395 265.281 273959
0.405 262.52 263811
0.415 259.277 252180
0.425 255.615 239428
0.435 251.639 226062
0.445 247.514 212722
0.455 243.473 200172
0.465 239.832 189267
0.475 236.955 180821
0.485 235.161 175307
0.495 234.834 172508
0.505 236.917 171528
0.515 242.927 171336
0.525 253.857 171322
0.535 268.878 171297
0.545 285.2 171201
0.555 299.425 170934
0.565 309.321 170307
0.575 314.55 169004
0.585 316.004 166579
0.595 314.744 162525
0.605 311.441 156435
0.615 306.449 148263
0.625 300.155 138559
0.635 293.269 128472
0.645 286.766 119372
0.655 281.5 112260
0.665 277.823 107406
0.675 275.569 104466
0.685 274.325 102850
0.695 273.692 102028
0.705 273.389 101635
0.715 273.251 101456
0.725 273.191 101378
0.735 273.166 101346
0.745 273.156 101333
0.755 273.153 101328
0.765 273.151 101326
0.775 273.15 101325
0.785 273.15 101325
0.795 273.15 101325
0.805 273.15 101325
0.815 273.15 101325
0.825 273.15 101325
0.835 273.15 101325
0.845 273.15 101325
0.855 273.15 101325
0.865 273.15 101325
0.875 273.15 101325
0.885 273.15 101325
0.895 273.15 101325
0.905 273.15 101325
0.915 273.15 101325
0.925 273.15 101325
0.935 273.15 101325
0.945 273.15 101325
0.955 273.15 101325
0.965 273.15 101325
0.975 273.15 101325
0.985 273.15 101325
0.995 273.15 101325
