0.005 3.38214e-14 	0 	0 	
0.015 6.17208e-14 	0 	0 	
0.025 8.22944e-14 	0 	0 	
0.035 9.40506e-14 	0 	0 	
0.045 9.99287e-14 	0 	0 	
0.055 9.69897e-14 	0 	0 	
0.065 1.35198e-13 	0 	0 	
0.075 3.90898e-13 	0 	0 	
0.085 1.69879e-12 	0 	0 	
0.095 7.83855e-12 	0 	0 	
0.105 3.48311e-11 	0 	0 	
0.115 1.49197e-10 	0 	0 	
0.125 6.18995e-10 	0 	0 	
0.135 2.48941e-09 	0 	0 	
0.145 9.70272e-09 	-5.05771e-30 	0 	
0.155 3.66337e-08 	0 	0 	
0.165 1.33914e-07 	0 	0 	
0.175 4.73675e-07 	0 	0 	
0.185 1.6202e-06 	0 	0 	
0.195 5.35545e-06 	0 	0 	
0.205 1.7094e-05 	0 	0 	
0.215 5.26468e-05 	0 	0 	
0.225 0.000156319 	0 	0 	
0.235 0.000447066 	9.78913e-30 	0 	
0.245 0.00123033 	0 	0 	
0.255 0.0032547 	0 	0 	
0.265 0.00826698 	0 	0 	
0.275 0.0201378 	0 	0 	
0.285 0.0469855 	0 	0 	
0.295 0.104869 	0 	0 	
0.305 0.223621 	0 	0 	
0.315 0.455053 	0 	0 	
0.325 0.882848 	0 	0 	
0.335 1.63203 	0 	0 	
0.345 2.87437 	0 	0 	
0.355 4.82558 	0 	0 	
0.365 7.7314 	0 	0 	
0.375 11.8428 	0 	0 	
0.385 17.3847 	0 	0 	
0.395 24.5234 	0 	0 	
0.405 33.3384 	0 	0 	
0.415 43.7993 	0 	0 	
0.425 55.7431 	0 	0 	
0.435 68.8458 	0 	0 	
0.445 82.5793 	0 	0 	
0.455 96.16 	0 	0 	
0.465 108.535 	0 	0 	
0.475 118.527 	0 	0 	
0.485 125.266 	0 	0 	
0.495 128.764 	0 	0 	
0.505 130.006 	0 	0 	
0.515 130.248 	0 	0 	
0.525 130.246 	0 	0 	
0.535 130.189 	0 	0 	
0.545 130.029 	0 	0 	
0.555 129.616 	0 	0 	
0.565 128.657 	0 	0 	
0.575 126.666 	-2.5379e-30 	0 	
0.585 122.935 	-1.20498e-30 	0 	
0.595 116.59 	0 	0 	
0.605 106.794 	0 	0 	
0.615 93.1198 	0 	0 	
0.625 76.0424 	0 	0 	
0.635 57.2395 	0 	0 	
0.645 39.2493 	0 	0 	
0.655 24.4144 	0 	0 	
0.665 13.8433 	0 	0 	
0.675 7.23908 	0 	0 	
0.685 3.53965 	0 	0 	
0.695 1.63738 	0 	0 	
0.705 0.722341 	0 	0 	
0.715 0.305381 	0 	0 	
0.725 0.124064 	0 	0 	
0.735 0.0485117 	0 	0 	
0.745 0.0182761 	0 	0 	
0.755 0.0066387 	0 	0 	
0.765 0.00232662 	0 	0 	
0.775 0.000787173 	0 	0 	
0.785 0.000257256 	0 	0 	
0.795 8.12564e-05 	0 	0 	
0.805 2.48189e-05 	0 	0 	
0.815 7.33451e-06 	-9.54439e-30 	0 	
0.825 2.0982e-06 	0 	0 	
0.835 5.8133e-07 	0 	0 	
0.845 1.56064e-07 	0 	0 	
0.855 4.06145e-08 	0 	0 	
0.865 1.02505e-08 	0 	0 	
0.875 2.50995e-09 	0 	0 	
0.885 5.96478e-10 	0 	0 	
0.895 1.37609e-10 	0 	0 	
0.905 3.08229e-11 	0 	0 	
0.915 6.6945e-12 	0 	0 	
0.925 1.40415e-12 	0 	0 	
0.935 3.04195e-13 	0 	0 	
0.945 1.03603e-13 	0 	0 	
0.955 5.06993e-14 	0 	0 	
0.965 1.76345e-14 	0 	0 	
0.975 1.32259e-14 	0 	0 	
0.985 1.32259e-14 	0 	0 	
0.995 4.40863e-15 	0 	0 	
