0.005 273.15 303975
0.015 273.15 303975
0.025 273.15 303975
0.035 273.15 303975
0.045 273.15 303975
0.055 273.15 303975
0.065 273.15 303975
0.075 273.15 303975
0.085 273.15 303975
0.095 273.15 303975
0.105 273.15 303975
0.115 273.15 303975
0.125 273.15 303975
0.135 273.15 303975
0.145 273.15 303975
0.155 273.15 303975
0.165 273.15 303975
0.175 273.15 303975
0.185 273.15 303975
0.195 273.15 303974
0.205 273.15 303973
0.215 273.149 303969
0.225 273.147 303962
0.235 273.142 303946
0.245 273.134 303911
0.255 273.116 303841
0.265 273.081 303706
0.275 273.016 303455
0.285 272.902 303008
0.295 272.708 302253
0.305 272.395 301033
0.315 271.914 299161
0.325 271.21 296427
0.335 270.229 292633
0.345 268.926 287625
0.355 267.274 281333
0.365 265.268 273792
0.375 262.934 265149
0.385 260.319 255646
0.395 257.495 245594
0.405 254.55 235334
0.415 251.583 225206
0.425 248.703 215526
0.435 246.028 206566
0.445 243.686 198543
0.455 241.813 191613
0.465 240.558 185858
0.475 240.081 181287
0.485 240.544 177832
0.495 242.108 175363
0.505 244.905 173705
0.515 249.014 172665
0.525 254.43 172059
0.535 261.033 171730
0.545 268.57 171559
0.555 276.66 171458
0.565 284.833 171356
0.575 292.583 171176
0.585 299.439 170807
0.595 305.011 170079
0.605 309.019 168742
0.615 311.282 166459
0.625 311.691 162845
0.635 310.205 157560
0.645 306.881 150478
0.655 301.971 141876
0.665 296.013 132518
0.675 289.822 123501
0.685 284.269 115848
0.695 279.95 110114
0.705 277 106283
0.715 275.196 103961
0.725 274.183 102658
0.735 273.65 101972
0.745 273.383 101627
0.755 273.255 101462
0.765 273.196 101385
0.775 273.17 101351
0.785 273.158 101336
0.795 273.154 101329
0.805 273.151 101326
0.815 273.15 101325
0.825 273.15 101325
0.835 273.15 101325
0.845 273.15 101325
0.855 273.15 101325
0.865 273.15 101325
0.875 273.15 101325
0.885 273.15 101325
0.895 273.15 101325
0.905 273.15 101325
0.915 273.15 101325
0.925 273.15 101325
0.935 273.15 101325
0.945 273.15 101325
0.955 273.15 101325
0.965 273.15 101325
0.975 273.15 101325
0.985 273.15 101325
0.995 273.15 101325
