0.005 273.15 303975
0.015 273.15 303975
0.025 273.15 303975
0.035 273.15 303975
0.045 273.15 303975
0.055 273.15 303975
0.065 273.15 303975
0.075 273.15 303975
0.085 273.15 303975
0.095 273.15 303975
0.105 273.15 303975
0.115 273.15 303975
0.125 273.15 303975
0.135 273.15 303975
0.145 273.15 303975
0.155 273.15 303975
0.165 273.15 303975
0.175 273.15 303975
0.185 273.15 303975
0.195 273.15 303975
0.205 273.15 303975
0.215 273.15 303975
0.225 273.15 303975
0.235 273.15 303975
0.245 273.15 303975
0.255 273.15 303975
0.265 273.15 303975
0.275 273.15 303975
0.285 273.15 303975
0.295 273.15 303975
0.305 273.15 303975
0.315 273.15 303975
0.325 273.15 303975
0.335 273.15 303975
0.345 273.072 303669
0.355 272.175 300213
0.365 269.451 289899
0.375 265.06 273766
0.385 259.89 255568
0.395 254.468 237408
0.405 249.04 220155
0.415 243.84 204459
0.425 239.204 191117
0.435 235.576 181073
0.445 233.262 174938
0.455 232.204 172149
0.465 231.969 171311
0.475 231.99 171372
0.485 232.081 171686
0.495 232.213 171831
0.505 232.23 171730
0.515 232.25 171501
0.525 233.316 171313
0.535 239.186 171279
0.545 255.079 171413
0.555 280.223 171645
0.565 304.249 171851
0.575 317.024 171896
0.585 319.788 171790
0.595 319.488 171614
0.605 319.081 171338
0.615 318.773 171080
0.625 318.771 171206
0.635 318.718 171139
0.645 317.886 169605
0.655 314.12 162869
0.665 303.238 144953
0.675 287.37 120937
0.685 276.284 105418
0.695 273.21 101402
0.705 273.15 101325
0.715 273.15 101325
0.725 273.15 101325
0.735 273.15 101325
0.745 273.15 101325
0.755 273.15 101325
0.765 273.15 101325
0.775 273.15 101325
0.785 273.15 101325
0.795 273.15 101325
0.805 273.15 101325
0.815 273.15 101325
0.825 273.15 101325
0.835 273.15 101325
0.845 273.15 101325
0.855 273.15 101325
0.865 273.15 101325
0.875 273.15 101325
0.885 273.15 101325
0.895 273.15 101325
0.905 273.15 101325
0.915 273.15 101325
0.925 273.15 101325
0.935 273.15 101325
0.945 273.15 101325
0.955 273.15 101325
0.965 273.15 101325
0.975 273.15 101325
0.985 273.15 101325
0.995 273.15 101325
