0.005 2.15679e-14 	0 	0 	
0.015 4.11472e-14 	0 	0 	
0.025 7.64163e-14 	0 	0 	
0.035 9.9929e-14 	0 	0 	
0.045 8.22945e-14 	0 	0 	
0.055 4.11472e-14 	0 	0 	
0.065 -1.17563e-14 	0 	0 	
0.075 -4.40863e-14 	0 	0 	
0.085 -3.23299e-14 	0 	0 	
0.095 2.9391e-15 	0 	0 	
0.105 2.64518e-14 	0 	0 	
0.115 8.81725e-15 	0 	0 	
0.125 -3.5269e-14 	0 	0 	
0.135 -1.08746e-13 	0 	0 	
0.145 -1.85163e-13 	-3.26305e-31 	0 	
0.155 -1.85163e-13 	0 	0 	
0.165 -1.26381e-13 	0 	0 	
0.175 -1.00001e-19 	0 	0 	
0.185 6.02514e-13 	0 	0 	
0.195 4.26461e-12 	0 	0 	
0.205 2.69543e-11 	0 	0 	
0.215 1.62852e-10 	0 	0 	
0.225 9.40031e-10 	0 	0 	
0.235 5.17537e-09 	6.52609e-31 	0 	
0.245 2.71562e-08 	0 	0 	
0.255 1.35716e-07 	0 	0 	
0.265 6.45498e-07 	0 	0 	
0.275 2.91926e-06 	0 	0 	
0.285 1.25407e-05 	0 	0 	
0.295 5.11138e-05 	0 	0 	
0.305 0.000197399 	0 	0 	
0.315 0.000721249 	0 	0 	
0.325 0.00248898 	0 	0 	
0.335 0.00809688 	0 	0 	
0.345 0.0247768 	0 	0 	
0.355 0.0711492 	0 	0 	
0.365 0.19124 	0 	0 	
0.375 0.479858 	0 	0 	
0.385 1.12109 	0 	0 	
0.395 2.43321 	0 	0 	
0.405 4.89804 	0 	0 	
0.415 9.13855 	0 	0 	
0.425 15.8105 	0 	0 	
0.435 25.4058 	0 	0 	
0.445 38.0187 	0 	0 	
0.455 53.1655 	0 	0 	
0.465 69.7509 	0 	0 	
0.475 86.231 	0 	0 	
0.485 100.97 	0 	0 	
0.495 112.691 	0 	0 	
0.505 120.799 	0 	0 	
0.515 125.324 	0 	0 	
0.525 126.458 	0 	0 	
0.535 123.999 	0 	0 	
0.545 117.132 	0 	0 	
0.555 104.845 	0 	0 	
0.565 86.9478 	0 	0 	
0.575 65.1723 	-8.08236e-31 	0 	
0.585 43.2302 	-2.16474e-31 	0 	
0.595 25.0979 	0 	0 	
0.605 12.7916 	0 	0 	
0.615 5.81073 	0 	0 	
0.625 2.39926 	0 	0 	
0.635 0.915381 	0 	0 	
0.645 0.326149 	0 	0 	
0.655 0.10918 	0 	0 	
0.665 0.0344562 	0 	0 	
0.675 0.0102739 	0 	0 	
0.685 0.00289893 	0 	0 	
0.695 0.000775101 	0 	0 	
0.705 0.000196613 	0 	0 	
0.715 4.73656e-05 	0 	0 	
0.725 1.08476e-05 	0 	0 	
0.735 2.36377e-06 	0 	0 	
0.745 4.90477e-07 	0 	0 	
0.755 9.6977e-08 	0 	0 	
0.765 1.82817e-08 	0 	0 	
0.775 3.2876e-09 	0 	0 	
0.785 5.64184e-10 	0 	0 	
0.795 9.23939e-11 	0 	0 	
0.805 1.44272e-11 	0 	0 	
0.815 2.16464e-12 	-4.89455e-31 	0 	
0.825 3.3726e-13 	0 	0 	
0.835 6.83337e-14 	0 	0 	
0.845 2.86561e-14 	0 	0 	
0.855 1.32259e-14 	0 	0 	
0.865 -8.81726e-15 	0 	0 	
0.875 -5.00022e-21 	0 	0 	
0.885 2.64518e-14 	0 	0 	
0.895 2.42475e-14 	0 	0 	
0.905 2.20433e-15 	0 	0 	
0.915 -1.54302e-14 	0 	0 	
0.925 -1.98388e-14 	0 	0 	
0.935 -1.32259e-14 	0 	0 	
0.945 6.61295e-15 	0 	0 	
0.955 2.64518e-14 	0 	0 	
0.965 1.76345e-14 	0 	0 	
0.975 2.20432e-15 	0 	0 	
0.985 0 	0 	0 	
0.995 0 	0 	0 	
