0.005 273.15 303975
0.015 273.15 303975
0.025 273.15 303975
0.035 273.15 303975
0.045 273.15 303975
0.055 273.15 303975
0.065 273.15 303975
0.075 273.15 303975
0.085 273.15 303975
0.095 273.15 303975
0.105 273.15 303975
0.115 273.15 303975
0.125 273.15 303975
0.135 273.15 303975
0.145 273.15 303975
0.155 273.15 303975
0.165 273.15 303975
0.175 273.15 303975
0.185 273.15 303975
0.195 273.15 303975
0.205 273.15 303975
0.215 273.15 303975
0.225 273.15 303975
0.235 273.15 303975
0.245 273.15 303975
0.255 273.15 303975
0.265 273.15 303975
0.275 273.15 303975
0.285 273.15 303975
0.295 273.15 303975
0.305 273.15 303975
0.315 273.15 303974
0.325 273.149 303972
0.335 273.147 303965
0.345 273.142 303943
0.355 273.127 303884
0.365 273.087 303730
0.375 272.993 303360
0.385 272.784 302540
0.395 272.359 300868
0.405 271.569 297751
0.415 270.233 292454
0.425 268.175 284283
0.435 265.302 272870
0.445 261.681 258449
0.455 257.611 241968
0.465 253.653 224921
0.475 250.621 208977
0.485 249.498 195533
0.495 251.236 185379
0.505 256.411 178528
0.515 264.842 174244
0.525 275.386 171238
0.535 286.079 167958
0.545 294.622 162919
0.555 299.099 155128
0.565 298.707 144594
0.575 294.23 132620
0.585 287.8 121345
0.595 281.783 112590
0.605 277.534 106938
0.615 275.119 103840
0.625 273.954 102356
0.635 273.455 101717
0.645 273.258 101465
0.655 273.186 101372
0.665 273.161 101340
0.675 273.153 101330
0.685 273.151 101326
0.695 273.15 101325
0.705 273.15 101325
0.715 273.15 101325
0.725 273.15 101325
0.735 273.15 101325
0.745 273.15 101325
0.755 273.15 101325
0.765 273.15 101325
0.775 273.15 101325
0.785 273.15 101325
0.795 273.15 101325
0.805 273.15 101325
0.815 273.15 101325
0.825 273.15 101325
0.835 273.15 101325
0.845 273.15 101325
0.855 273.15 101325
0.865 273.15 101325
0.875 273.15 101325
0.885 273.15 101325
0.895 273.15 101325
0.905 273.15 101325
0.915 273.15 101325
0.925 273.15 101325
0.935 273.15 101325
0.945 273.15 101325
0.955 273.15 101325
0.965 273.15 101325
0.975 273.15 101325
0.985 273.15 101325
0.995 273.15 101325
