0.005 273.15 303975
0.015 273.15 303975
0.025 273.15 303975
0.035 273.15 303975
0.045 273.15 303975
0.055 273.15 303975
0.065 273.15 303975
0.075 273.15 303975
0.085 273.15 303975
0.095 273.15 303975
0.105 273.15 303975
0.115 273.15 303975
0.125 273.15 303975
0.135 273.15 303975
0.145 273.15 303975
0.155 273.15 303975
0.165 273.15 303975
0.175 273.15 303975
0.185 273.15 303975
0.195 273.15 303975
0.205 273.15 303975
0.215 273.15 303975
0.225 273.15 303975
0.235 273.15 303975
0.245 273.15 303975
0.255 273.15 303975
0.265 273.15 303975
0.275 273.15 303975
0.285 273.15 303975
0.295 273.15 303975
0.305 273.15 303975
0.315 273.15 303975
0.325 273.15 303975
0.335 273.15 303975
0.345 273.15 303975
0.355 272.906 303023
0.365 271.436 297387
0.375 267.939 284283
0.385 262.977 266342
0.395 257.455 247310
0.405 251.782 228772
0.415 246.222 211559
0.425 241.092 196483
0.435 236.858 184575
0.445 233.93 176691
0.455 232.44 172714
0.465 232.028 171469
0.475 232.015 171498
0.485 232.109 171752
0.495 232.215 171773
0.505 232.173 171552
0.515 232.251 171319
0.525 233.994 171256
0.535 242.065 171390
0.545 261.111 171651
0.555 287.521 171850
0.565 309.176 171908
0.575 318.427 171843
0.585 319.648 171570
0.595 319.229 171265
0.605 318.94 171189
0.615 318.746 171082
0.625 318.672 171029
0.635 318.289 170341
0.645 315.214 164790
0.655 305.469 148495
0.665 289.816 124494
0.675 277.441 106971
0.685 273.389 101630
0.695 273.15 101325
0.705 273.15 101325
0.715 273.15 101325
0.725 273.15 101325
0.735 273.15 101325
0.745 273.15 101325
0.755 273.15 101325
0.765 273.15 101325
0.775 273.15 101325
0.785 273.15 101325
0.795 273.15 101325
0.805 273.15 101325
0.815 273.15 101325
0.825 273.15 101325
0.835 273.15 101325
0.845 273.15 101325
0.855 273.15 101325
0.865 273.15 101325
0.875 273.15 101325
0.885 273.15 101325
0.895 273.15 101325
0.905 273.15 101325
0.915 273.15 101325
0.925 273.15 101325
0.935 273.15 101325
0.945 273.15 101325
0.955 273.15 101325
0.965 273.15 101325
0.975 273.15 101325
0.985 273.15 101325
0.995 273.15 101325
