0.005 3.08824e-14 	0 	0 	
0.015 4.99645e-14 	0 	0 	
0.025 8.81726e-14 	0 	0 	
0.035 1.85163e-13 	0 	0 	
0.045 4.79072e-13 	0 	0 	
0.055 1.75464e-12 	0 	0 	
0.065 7.34771e-12 	0 	0 	
0.075 3.04695e-11 	0 	0 	
0.085 1.22965e-10 	0 	0 	
0.095 4.82688e-10 	0 	0 	
0.105 1.84195e-09 	0 	0 	
0.115 6.83138e-09 	0 	0 	
0.125 2.46151e-08 	0 	0 	
0.135 8.61303e-08 	0 	0 	
0.145 2.92519e-07 	-9.78913e-31 	0 	
0.155 9.63738e-07 	3.26303e-31 	0 	
0.165 3.07836e-06 	0 	0 	
0.175 9.52721e-06 	0 	0 	
0.185 2.85503e-05 	0 	0 	
0.195 8.27841e-05 	0 	0 	
0.205 0.000232085 	0 	0 	
0.215 0.000628574 	0 	0 	
0.225 0.00164325 	3.26306e-31 	0 	
0.235 0.00414271 	1.63154e-30 	0 	
0.245 0.0100617 	6.52625e-31 	0 	
0.255 0.0235186 	0 	0 	
0.265 0.0528474 	0 	0 	
0.275 0.114027 	0 	0 	
0.285 0.235974 	0 	0 	
0.295 0.467842 	0 	0 	
0.305 0.88769 	0 	0 	
0.315 1.61057 	0 	0 	
0.325 2.79257 	0 	0 	
0.335 4.62661 	0 	0 	
0.345 7.3265 	0 	0 	
0.355 11.099 	0 	0 	
0.365 16.1087 	0 	0 	
0.375 22.4433 	0 	0 	
0.385 30.0896 	0 	0 	
0.395 38.9249 	0 	0 	
0.405 48.7249 	0 	0 	
0.415 59.1826 	0 	0 	
0.425 69.9339 	0 	0 	
0.435 80.5835 	0 	0 	
0.445 90.7327 	0 	0 	
0.455 100.011 	0 	0 	
0.465 108.112 	0 	0 	
0.475 114.828 	0 	0 	
0.485 120.084 	0 	0 	
0.495 123.939 	0 	0 	
0.505 126.574 	0 	0 	
0.515 128.243 	0 	0 	
0.525 129.214 	0 	0 	
0.535 129.723 	0 	0 	
0.545 129.932 	0 	0 	
0.555 129.913 	0 	0 	
0.565 129.628 	0 	0 	
0.575 128.909 	-9.4992e-31 	0 	
0.585 127.427 	-3.2502e-31 	0 	
0.595 124.669 	0 	0 	
0.605 119.952 	0 	0 	
0.615 112.506 	0 	0 	
0.625 101.69 	0 	0 	
0.635 87.3595 	0 	0 	
0.645 70.2675 	0 	0 	
0.655 52.1974 	0 	0 	
0.665 35.4856 	0 	0 	
0.675 22.0427 	0 	0 	
0.685 12.5902 	0 	0 	
0.695 6.68927 	0 	0 	
0.705 3.3477 	0 	0 	
0.715 1.59435 	0 	0 	
0.725 0.727614 	0 	0 	
0.735 0.319531 	0 	0 	
0.745 0.135347 	0 	0 	
0.755 0.0553738 	0 	0 	
0.765 0.0219003 	0 	0 	
0.775 0.00837825 	0 	0 	
0.785 0.00310201 	0 	0 	
0.795 0.00111207 	0 	0 	
0.805 0.000386209 	-2.44728e-31 	0 	
0.815 0.000129994 	-1.7131e-30 	0 	
0.825 4.24261e-05 	0 	0 	
0.835 1.34324e-05 	0 	0 	
0.845 4.1274e-06 	0 	0 	
0.855 1.23139e-06 	0 	0 	
0.865 3.56852e-07 	0 	0 	
0.875 1.00493e-07 	0 	0 	
0.885 2.75107e-08 	0 	0 	
0.895 7.32405e-09 	0 	0 	
0.905 1.89685e-09 	0 	0 	
0.915 4.78092e-10 	0 	0 	
0.925 1.17325e-10 	0 	0 	
0.935 2.80477e-11 	0 	0 	
0.945 6.538e-12 	0 	0 	
0.955 1.49673e-12 	0 	0 	
0.965 3.48282e-13 	0 	0 	
0.975 8.15597e-14 	0 	0 	
0.985 1.54302e-14 	0 	0 	
0.995 2.20432e-15 	0 	0 	
