0.005 273.15 303975
0.015 273.15 303975
0.025 273.15 303975
0.035 273.15 303975
0.045 273.15 303975
0.055 273.15 303975
0.065 273.15 303975
0.075 273.15 303975
0.085 273.15 303975
0.095 273.15 303975
0.105 273.15 303975
0.115 273.15 303975
0.125 273.15 303975
0.135 273.15 303975
0.145 273.15 303975
0.155 273.15 303975
0.165 273.15 303975
0.175 273.15 303975
0.185 273.15 303975
0.195 273.15 303975
0.205 273.15 303975
0.215 273.15 303974
0.225 273.15 303973
0.235 273.149 303970
0.245 273.147 303962
0.255 273.142 303945
0.265 273.133 303907
0.275 273.113 303829
0.285 273.073 303672
0.295 272.996 303375
0.305 272.858 302838
0.315 272.622 301915
0.325 272.236 300411
0.335 271.64 298091
0.345 270.767 294702
0.355 269.556 290023
0.365 267.961 283906
0.375 265.962 276328
0.385 263.573 267407
0.395 260.846 257403
0.405 257.862 246675
0.415 254.731 235645
0.425 251.581 224743
0.435 248.559 214369
0.445 245.826 204865
0.455 243.562 196496
0.465 241.962 189435
0.475 241.237 183753
0.485 241.604 179420
0.495 243.266 176309
0.505 246.382 174220
0.515 251.025 172917
0.525 257.145 172166
0.535 264.53 171760
0.545 272.8 171536
0.555 281.43 171358
0.565 289.812 171096
0.575 297.337 170584
0.585 303.467 169582
0.595 307.791 167756
0.605 310.029 164692
0.615 310.035 159972
0.625 307.807 153340
0.635 303.56 144923
0.645 297.826 135388
0.655 291.477 125862
0.665 285.526 117531
0.675 280.754 111154
0.685 277.44 106843
0.695 275.404 104224
0.705 274.268 102767
0.715 273.679 102009
0.725 273.391 101637
0.735 273.255 101462
0.745 273.195 101383
0.755 273.168 101349
0.765 273.157 101335
0.775 273.153 101329
0.785 273.151 101326
0.795 273.15 101325
0.805 273.15 101325
0.815 273.15 101325
0.825 273.15 101325
0.835 273.15 101325
0.845 273.15 101325
0.855 273.15 101325
0.865 273.15 101325
0.875 273.15 101325
0.885 273.15 101325
0.895 273.15 101325
0.905 273.15 101325
0.915 273.15 101325
0.925 273.15 101325
0.935 273.15 101325
0.945 273.15 101325
0.955 273.15 101325
0.965 273.15 101325
0.975 273.15 101325
0.985 273.15 101325
0.995 273.15 101325
