0.005 1.86289e-14 	0 	0 	
0.015 2.35127e-14 	0 	0 	
0.025 2.93909e-14 	0 	0 	
0.035 3.233e-14 	0 	0 	
0.045 2.05736e-14 	0 	0 	
0.055 2.05736e-14 	0 	0 	
0.065 2.93908e-14 	0 	0 	
0.075 2.93908e-15 	0 	0 	
0.085 -1.76345e-14 	0 	0 	
0.095 1.46954e-14 	0 	0 	
0.105 3.82081e-14 	0 	0 	
0.115 2.35127e-14 	0 	0 	
0.125 -2.93907e-15 	0 	0 	
0.135 -5.58425e-14 	0 	0 	
0.145 -1.38137e-13 	-2.28413e-30 	0 	
0.155 -1.82223e-13 	0 	0 	
0.165 -1.6165e-13 	0 	0 	
0.175 -1.14624e-13 	0 	0 	
0.185 -4.99645e-14 	0 	0 	
0.195 2.64517e-14 	0 	0 	
0.205 6.75989e-14 	0 	0 	
0.215 4.99644e-14 	0 	0 	
0.225 3.5269e-14 	0 	0 	
0.235 4.40863e-14 	4.56826e-30 	0 	
0.245 2.93909e-14 	0 	0 	
0.255 8.81728e-15 	0 	0 	
0.265 1.46954e-14 	0 	0 	
0.275 2.93909e-14 	0 	0 	
0.285 5.58426e-14 	0 	0 	
0.295 9.40506e-14 	0 	0 	
0.305 9.99287e-14 	0 	0 	
0.315 7.0538e-14 	0 	0 	
0.325 4.99645e-14 	0 	0 	
0.335 2.64518e-14 	0 	0 	
0.345 -2.35127e-14 	0 	0 	
0.355 -6.46599e-14 	0 	0 	
0.365 -7.93553e-14 	0 	0 	
0.375 -8.22944e-14 	0 	0 	
0.385 -8.81725e-14 	0 	0 	
0.395 -9.40507e-14 	0 	0 	
0.405 -6.7599e-14 	0 	0 	
0.415 -1.46954e-14 	0 	0 	
0.425 1.76345e-14 	0 	0 	
0.435 1.17186 	0 	0 	
0.445 9.49001 	0 	0 	
0.455 31.098 	0 	0 	
0.465 62.7754 	0 	0 	
0.475 95.5559 	0 	0 	
0.485 119.294 	0 	0 	
0.495 128.591 	0 	0 	
0.505 129.773 	0 	0 	
0.515 130.995 	0 	0 	
0.525 132.089 	0 	0 	
0.535 130.16 	0 	0 	
0.545 119.457 	0 	0 	
0.555 87.7671 	0 	0 	
0.565 41.3291 	0 	0 	
0.575 8.95809 	0 	0 	
0.585 0.0890963 	0 	0 	
0.595 -6.39251e-14 	0 	0 	
0.605 -1.98388e-14 	0 	0 	
0.615 -4.40864e-15 	0 	0 	
0.625 -3.96777e-14 	0 	0 	
0.635 -5.73122e-14 	0 	0 	
0.645 -2.20432e-14 	0 	0 	
0.655 -1.49999e-20 	0 	0 	
0.665 -1.98388e-14 	0 	0 	
0.675 -3.08604e-14 	0 	0 	
0.685 2.20432e-15 	0 	0 	
0.695 5.29036e-14 	0 	0 	
0.705 6.61294e-14 	0 	0 	
0.715 5.29035e-14 	0 	0 	
0.725 5.51078e-14 	0 	0 	
0.735 5.06992e-14 	0 	0 	
0.745 2.42475e-14 	0 	0 	
0.755 -2.20432e-15 	0 	0 	
0.765 -1.98388e-14 	0 	0 	
0.775 -2.42475e-14 	0 	0 	
0.785 -2.42474e-14 	0 	0 	
0.795 -1.98388e-14 	0 	0 	
0.805 6.61295e-15 	0 	0 	
0.815 3.08604e-14 	-3.42619e-30 	0 	
0.825 2.64518e-14 	0 	0 	
0.835 1.32259e-14 	0 	0 	
0.845 8.81726e-15 	0 	0 	
0.855 1.10216e-14 	0 	0 	
0.865 8.81725e-15 	0 	0 	
0.875 -4.40863e-15 	0 	0 	
0.885 -1.10216e-14 	0 	0 	
0.895 -6.61294e-15 	0 	0 	
0.905 -1.98388e-14 	0 	0 	
0.915 -4.62906e-14 	0 	0 	
0.925 -4.1882e-14 	0 	0 	
0.935 2.2043e-15 	0 	0 	
0.945 4.62906e-14 	0 	0 	
0.955 5.06992e-14 	0 	0 	
0.965 2.20431e-14 	0 	0 	
0.975 -4.99995e-21 	0 	0 	
0.985 -2.20432e-15 	0 	0 	
0.995 -2.44728e-31 	0 	0 	
