0.005 1.22535e-14 	0 	0 	
0.015 2.93908e-14 	0 	0 	
0.025 5.29035e-14 	0 	0 	
0.035 7.34772e-14 	0 	0 	
0.045 7.64163e-14 	0 	0 	
0.055 5.87818e-14 	0 	0 	
0.065 3.52691e-14 	0 	0 	
0.075 1.17564e-14 	0 	0 	
0.085 2.93907e-15 	0 	0 	
0.095 -2.49999e-20 	0 	0 	
0.105 -1.76345e-14 	0 	0 	
0.115 -1.76345e-14 	0 	0 	
0.125 8.81726e-14 	0 	0 	
0.135 7.25955e-13 	0 	0 	
0.145 4.31165e-12 	-3.7525e-30 	0 	
0.155 2.30395e-11 	0 	0 	
0.165 1.16014e-10 	0 	0 	
0.175 5.60048e-10 	0 	0 	
0.185 2.60153e-09 	0 	0 	
0.195 1.16316e-08 	0 	0 	
0.205 5.00344e-08 	0 	0 	
0.215 2.06944e-07 	0 	0 	
0.225 8.22378e-07 	0 	0 	
0.235 3.13745e-06 	7.505e-30 	0 	
0.245 1.14812e-05 	0 	0 	
0.255 4.02606e-05 	0 	0 	
0.265 0.000135143 	0 	0 	
0.275 0.000433732 	0 	0 	
0.285 0.00132926 	0 	0 	
0.295 0.00388465 	0 	0 	
0.305 0.0108091 	0 	0 	
0.315 0.0285895 	0 	0 	
0.325 0.0717561 	0 	0 	
0.335 0.1706 	0 	0 	
0.345 0.383557 	0 	0 	
0.355 0.81428 	0 	0 	
0.365 1.63066 	0 	0 	
0.375 3.07921 	0 	0 	
0.385 5.48546 	0 	0 	
0.395 9.23243 	0 	0 	
0.405 14.7154 	0 	0 	
0.415 22.2798 	0 	0 	
0.425 32.1532 	0 	0 	
0.435 44.3775 	0 	0 	
0.445 58.7361 	0 	0 	
0.455 74.6583 	0 	0 	
0.465 91.0917 	0 	0 	
0.475 106.406 	0 	0 	
0.485 118.6 	0 	0 	
0.495 126.2 	0 	0 	
0.505 129.449 	0 	0 	
0.515 130.183 	0 	0 	
0.525 130.076 	0 	0 	
0.535 129.539 	0 	0 	
0.545 128.153 	0 	0 	
0.555 125.117 	0 	0 	
0.565 119.335 	0 	0 	
0.575 109.652 	-2.32403e-30 	0 	
0.585 95.3777 	-9.3098e-31 	0 	
0.595 76.9882 	0 	0 	
0.605 56.5655 	0 	0 	
0.615 37.2939 	0 	0 	
0.625 21.9606 	0 	0 	
0.635 11.6245 	0 	0 	
0.645 5.61176 	0 	0 	
0.655 2.51073 	0 	0 	
0.665 1.05447 	0 	0 	
0.675 0.419168 	0 	0 	
0.685 0.158463 	0 	0 	
0.695 0.0571259 	0 	0 	
0.705 0.0196709 	0 	0 	
0.715 0.00647767 	0 	0 	
0.725 0.00204195 	0 	0 	
0.735 0.000616715 	0 	0 	
0.745 0.000178606 	0 	0 	
0.755 4.96382e-05 	0 	0 	
0.765 1.32485e-05 	0 	0 	
0.775 3.39821e-06 	0 	0 	
0.785 8.38205e-07 	0 	0 	
0.795 1.98944e-07 	0 	0 	
0.805 4.54606e-08 	0 	0 	
0.815 1.00067e-08 	-6.85239e-30 	0 	
0.825 2.12274e-09 	0 	0 	
0.835 4.34143e-10 	0 	0 	
0.845 8.56266e-11 	0 	0 	
0.855 1.62921e-11 	0 	0 	
0.865 2.99786e-12 	0 	0 	
0.875 5.35647e-13 	0 	0 	
0.885 1.03603e-13 	0 	0 	
0.895 3.30647e-14 	0 	0 	
0.905 -2.2043e-15 	0 	0 	
0.915 -2.64518e-14 	0 	0 	
0.925 -2.20432e-14 	0 	0 	
0.935 2.2043e-15 	0 	0 	
0.945 2.86561e-14 	0 	0 	
0.955 2.86561e-14 	0 	0 	
0.965 1.10216e-14 	0 	0 	
0.975 1.10216e-14 	0 	0 	
0.985 1.32259e-14 	0 	0 	
0.995 4.40863e-15 	0 	0 	
