0.005 2.15679e-14 	0 	0 	
0.015 4.40863e-14 	0 	0 	
0.025 7.93552e-14 	0 	0 	
0.035 9.99287e-14 	0 	0 	
0.045 8.81725e-14 	0 	0 	
0.055 4.99645e-14 	0 	0 	
0.065 -8.81725e-15 	0 	0 	
0.075 -4.11472e-14 	0 	0 	
0.085 -2.35127e-14 	0 	0 	
0.095 8.81722e-15 	0 	0 	
0.105 2.05736e-14 	0 	0 	
0.115 2.19398e-25 	0 	0 	
0.125 -3.82081e-14 	0 	0 	
0.135 -1.02868e-13 	0 	0 	
0.145 -1.58711e-13 	-2.61043e-30 	0 	
0.155 -1.08746e-13 	6.52609e-31 	0 	
0.165 2.46882e-13 	0 	0 	
0.175 2.37184e-12 	0 	0 	
0.185 1.47954e-11 	0 	0 	
0.195 8.4396e-11 	0 	0 	
0.205 4.5936e-10 	0 	0 	
0.215 2.39447e-09 	0 	0 	
0.225 1.19463e-08 	0 	0 	
0.235 5.70058e-08 	4.89455e-30 	0 	
0.245 2.5998e-07 	3.26303e-31 	0 	
0.255 1.13226e-06 	0 	0 	
0.265 4.70476e-06 	0 	0 	
0.275 1.86323e-05 	0 	0 	
0.285 7.02477e-05 	0 	0 	
0.295 0.000251808 	0 	0 	
0.305 0.000856943 	0 	0 	
0.315 0.00276427 	0 	0 	
0.325 0.00843685 	0 	0 	
0.335 0.0243165 	0 	0 	
0.345 0.0660435 	0 	0 	
0.355 0.168661 	0 	0 	
0.365 0.404137 	0 	0 	
0.375 0.906901 	0 	0 	
0.385 1.90351 	0 	0 	
0.395 3.73553 	0 	0 	
0.405 6.85989 	0 	0 	
0.415 11.8137 	0 	0 	
0.425 19.1443 	0 	0 	
0.435 29.3214 	0 	0 	
0.445 42.6638 	0 	0 	
0.455 59.172 	0 	0 	
0.465 78.0247 	0 	0 	
0.475 96.8533 	0 	0 	
0.485 112.126 	0 	0 	
0.495 121.716 	0 	0 	
0.505 126.506 	0 	0 	
0.515 128.487 	0 	0 	
0.525 128.694 	0 	0 	
0.535 127.1 	0 	0 	
0.545 122.957 	0 	0 	
0.555 115.025 	0 	0 	
0.565 102.139 	0 	0 	
0.575 84.1844 	-2.11275e-30 	0 	
0.585 62.9359 	-2.04422e-31 	0 	
0.595 41.8781 	0 	0 	
0.605 24.5757 	0 	0 	
0.615 12.7673 	0 	0 	
0.625 5.95816 	0 	0 	
0.635 2.54397 	0 	0 	
0.645 1.00912 	0 	0 	
0.655 0.375601 	0 	0 	
0.665 0.131932 	0 	0 	
0.675 0.0438757 	0 	0 	
0.685 0.0138429 	0 	0 	
0.695 0.00414956 	0 	0 	
0.705 0.00118326 	0 	0 	
0.715 0.000321315 	0 	0 	
0.725 8.31755e-05 	0 	0 	
0.735 2.05434e-05 	0 	0 	
0.745 4.8454e-06 	0 	0 	
0.755 1.09221e-06 	0 	0 	
0.765 2.35453e-07 	0 	0 	
0.775 4.8574e-08 	0 	0 	
0.785 9.59495e-09 	0 	0 	
0.795 1.81566e-09 	0 	0 	
0.805 3.29281e-10 	-1.22364e-31 	0 	
0.815 5.72548e-11 	-4.89455e-30 	0 	
0.825 9.54247e-12 	0 	0 	
0.835 1.51657e-12 	0 	0 	
0.845 2.35862e-13 	0 	0 	
0.855 5.51079e-14 	0 	0 	
0.865 1.76345e-14 	0 	0 	
0.875 -1.57772e-30 	0 	0 	
0.885 8.81726e-15 	0 	0 	
0.895 1.10216e-14 	0 	0 	
0.905 -2.20431e-15 	0 	0 	
0.915 -1.54302e-14 	0 	0 	
0.925 -1.76345e-14 	0 	0 	
0.935 -1.62845e-25 	0 	0 	
0.945 1.76345e-14 	0 	0 	
0.955 1.54302e-14 	0 	0 	
0.965 4.40863e-15 	0 	0 	
0.975 0 	0 	0 	
0.985 0 	0 	0 	
0.995 0 	0 	0 	
