0.005 273.15 303975
0.015 273.15 303975
0.025 273.15 303975
0.035 273.15 303975
0.045 273.15 303975
0.055 273.15 303975
0.065 273.15 303975
0.075 273.15 303975
0.085 273.15 303975
0.095 273.15 303975
0.105 273.15 303975
0.115 273.15 303975
0.125 273.15 303975
0.135 273.15 303975
0.145 273.15 303975
0.155 273.15 303975
0.165 273.15 303975
0.175 273.15 303975
0.185 273.15 303975
0.195 273.15 303975
0.205 273.15 303975
0.215 273.15 303975
0.225 273.15 303975
0.235 273.15 303975
0.245 273.15 303975
0.255 273.15 303974
0.265 273.149 303971
0.275 273.148 303965
0.285 273.144 303950
0.295 273.135 303915
0.305 273.115 303838
0.315 273.074 303678
0.325 272.992 303360
0.335 272.839 302764
0.345 272.569 301712
0.355 272.118 299960
0.365 271.409 297210
0.375 270.354 293142
0.385 268.871 287460
0.395 266.889 279955
0.405 264.365 270550
0.415 261.292 259341
0.425 257.704 246606
0.435 253.684 232809
0.445 249.378 218595
0.455 245.017 204795
0.465 240.938 192422
0.475 237.61 182552
0.485 235.348 175964
0.495 234.532 172599
0.505 236.651 171448
0.515 243.852 171238
0.525 256.868 171210
0.535 273.754 171136
0.545 290.644 170926
0.555 303.925 170423
0.565 312.001 169342
0.575 315.301 167251
0.585 315.07 163615
0.595 312.324 157950
0.605 307.636 150089
0.615 301.455 140463
0.625 294.483 130178
0.635 287.728 120675
0.645 282.141 113106
0.655 278.184 107876
0.665 275.744 104691
0.675 274.398 102944
0.685 273.718 102061
0.695 273.396 101644
0.705 273.252 101457
0.715 273.191 101378
0.725 273.165 101345
0.735 273.156 101333
0.745 273.152 101328
0.755 273.151 101326
0.765 273.15 101325
0.775 273.15 101325
0.785 273.15 101325
0.795 273.15 101325
0.805 273.15 101325
0.815 273.15 101325
0.825 273.15 101325
0.835 273.15 101325
0.845 273.15 101325
0.855 273.15 101325
0.865 273.15 101325
0.875 273.15 101325
0.885 273.15 101325
0.895 273.15 101325
0.905 273.15 101325
0.915 273.15 101325
0.925 273.15 101325
0.935 273.15 101325
0.945 273.15 101325
0.955 273.15 101325
0.965 273.15 101325
0.975 273.15 101325
0.985 273.15 101325
0.995 273.15 101325
