0.005 2.15679e-14 	0 	0 	
0.015 4.11472e-14 	0 	0 	
0.025 7.0538e-14 	0 	0 	
0.035 8.52335e-14 	0 	0 	
0.045 5.29035e-14 	0 	0 	
0.055 2.05736e-14 	0 	0 	
0.065 2.05736e-14 	0 	0 	
0.075 5.87818e-15 	0 	0 	
0.085 -8.81728e-15 	0 	0 	
0.095 8.81722e-15 	0 	0 	
0.105 2.05736e-14 	0 	0 	
0.115 2.19398e-25 	0 	0 	
0.125 -3.82081e-14 	0 	0 	
0.135 -1.02868e-13 	0 	0 	
0.145 -1.58711e-13 	-3.09989e-30 	0 	
0.155 -1.11685e-13 	0 	0 	
0.165 2.43944e-13 	0 	0 	
0.175 2.37478e-12 	0 	0 	
0.185 1.47924e-11 	0 	0 	
0.195 8.43812e-11 	0 	0 	
0.205 4.59326e-10 	0 	0 	
0.215 2.39437e-09 	0 	0 	
0.225 1.1946e-08 	0 	0 	
0.235 5.70043e-08 	6.52609e-30 	0 	
0.245 2.59974e-07 	0 	0 	
0.255 1.13223e-06 	0 	0 	
0.265 4.70467e-06 	0 	0 	
0.275 1.8632e-05 	0 	0 	
0.285 7.02461e-05 	0 	0 	
0.295 0.000251801 	0 	0 	
0.305 0.00085691 	0 	0 	
0.315 0.00276412 	0 	0 	
0.325 0.0084362 	0 	0 	
0.335 0.0243139 	0 	0 	
0.345 0.0660335 	0 	0 	
0.355 0.168625 	0 	0 	
0.365 0.404014 	0 	0 	
0.375 0.906512 	0 	0 	
0.385 1.90235 	0 	0 	
0.395 3.73229 	0 	0 	
0.405 6.85129 	0 	0 	
0.415 11.7918 	0 	0 	
0.425 19.0892 	0 	0 	
0.435 29.1821 	0 	0 	
0.445 42.2979 	0 	0 	
0.455 58.3147 	0 	0 	
0.465 76.5498 	0 	0 	
0.475 95.4231 	0 	0 	
0.485 112.187 	0 	0 	
0.495 123.7 	0 	0 	
0.505 128.885 	0 	0 	
0.515 129.858 	0 	0 	
0.525 129.157 	0 	0 	
0.535 127.218 	0 	0 	
0.545 122.989 	0 	0 	
0.555 115.031 	0 	0 	
0.565 102.131 	0 	0 	
0.575 84.1693 	-1.92263e-30 	0 	
0.585 62.9195 	0 	0 	
0.595 41.8628 	0 	0 	
0.605 24.564 	0 	0 	
0.615 12.7601 	0 	0 	
0.625 5.95447 	0 	0 	
0.635 2.54234 	0 	0 	
0.645 1.00847 	0 	0 	
0.655 0.375363 	0 	0 	
0.665 0.131851 	0 	0 	
0.675 0.0438494 	0 	0 	
0.685 0.0138349 	0 	0 	
0.695 0.00414723 	0 	0 	
0.705 0.00118262 	0 	0 	
0.715 0.000321148 	0 	0 	
0.725 8.31338e-05 	0 	0 	
0.735 2.05334e-05 	0 	0 	
0.745 4.84314e-06 	0 	0 	
0.755 1.09172e-06 	0 	0 	
0.765 2.35353e-07 	0 	0 	
0.775 4.85542e-08 	0 	0 	
0.785 9.59124e-09 	0 	0 	
0.795 1.81499e-09 	0 	0 	
0.805 3.2916e-10 	0 	0 	
0.815 5.72329e-11 	-5.38403e-30 	0 	
0.825 9.55129e-12 	0 	0 	
0.835 1.54523e-12 	0 	0 	
0.845 2.55701e-13 	0 	0 	
0.855 4.8495e-14 	0 	0 	
0.865 2.1732e-25 	0 	0 	
0.875 -1.10216e-14 	0 	0 	
0.885 6.61296e-15 	0 	0 	
0.895 1.10216e-14 	0 	0 	
0.905 5.43285e-26 	0 	0 	
0.915 -1.54302e-14 	0 	0 	
0.925 -2.42475e-14 	0 	0 	
0.935 -2.71409e-25 	0 	0 	
0.945 2.42475e-14 	0 	0 	
0.955 1.54302e-14 	0 	0 	
0.965 2.20432e-15 	0 	0 	
0.975 0 	0 	0 	
0.985 0 	0 	0 	
0.995 0 	0 	0 	
