0.005 273.15 303975
0.015 273.15 303975
0.025 273.15 303975
0.035 273.15 303975
0.045 273.15 303975
0.055 273.15 303975
0.065 273.15 303975
0.075 273.15 303975
0.085 273.15 303975
0.095 273.15 303975
0.105 273.15 303975
0.115 273.15 303975
0.125 273.15 303975
0.135 273.15 303975
0.145 273.15 303975
0.155 273.15 303975
0.165 273.15 303975
0.175 273.15 303975
0.185 273.15 303975
0.195 273.15 303975
0.205 273.15 303975
0.215 273.15 303975
0.225 273.15 303975
0.235 273.15 303975
0.245 273.15 303975
0.255 273.15 303975
0.265 273.15 303975
0.275 273.15 303975
0.285 273.15 303975
0.295 273.15 303974
0.305 273.149 303972
0.315 273.148 303967
0.325 273.144 303952
0.335 273.134 303913
0.345 273.109 303814
0.355 273.049 303581
0.365 272.919 303072
0.375 272.655 302038
0.385 272.159 300092
0.395 271.3 296715
0.405 269.929 291325
0.415 267.914 283427
0.425 265.192 272816
0.435 261.814 259736
0.445 257.98 244920
0.455 254.052 229465
0.465 250.547 214599
0.475 248.114 201420
0.485 247.473 190695
0.495 249.294 182740
0.505 253.993 177401
0.515 261.514 174126
0.525 271.173 172090
0.535 281.688 170316
0.545 291.39 167766
0.555 298.59 163438
0.565 302.01 156593
0.575 301.183 147137
0.585 296.74 135967
0.595 290.334 124828
0.605 283.981 115517
0.615 279.107 108972
0.625 276.063 105046
0.635 274.447 102986
0.645 273.686 102015
0.655 273.359 101594
0.665 273.227 101424
0.675 273.177 101360
0.685 273.159 101337
0.695 273.153 101329
0.705 273.151 101326
0.715 273.15 101325
0.725 273.15 101325
0.735 273.15 101325
0.745 273.15 101325
0.755 273.15 101325
0.765 273.15 101325
0.775 273.15 101325
0.785 273.15 101325
0.795 273.15 101325
0.805 273.15 101325
0.815 273.15 101325
0.825 273.15 101325
0.835 273.15 101325
0.845 273.15 101325
0.855 273.15 101325
0.865 273.15 101325
0.875 273.15 101325
0.885 273.15 101325
0.895 273.15 101325
0.905 273.15 101325
0.915 273.15 101325
0.925 273.15 101325
0.935 273.15 101325
0.945 273.15 101325
0.955 273.15 101325
0.965 273.15 101325
0.975 273.15 101325
0.985 273.15 101325
0.995 273.15 101325
