0.005 2.79433e-14 	0 	0 	
0.015 4.70253e-14 	0 	0 	
0.025 7.93552e-14 	0 	0 	
0.035 9.69896e-14 	0 	0 	
0.045 7.64162e-14 	0 	0 	
0.055 3.82082e-14 	0 	0 	
0.065 -5.87815e-15 	0 	0 	
0.075 -3.5269e-14 	0 	0 	
0.085 -2.93909e-14 	0 	0 	
0.095 2.9391e-15 	0 	0 	
0.105 2.05736e-14 	0 	0 	
0.115 -5.87815e-15 	0 	0 	
0.125 -4.40863e-14 	0 	0 	
0.135 -9.69899e-14 	0 	0 	
0.145 -1.23442e-13 	-3.26305e-31 	0 	
0.155 1.52832e-13 	0 	0 	
0.165 1.94274e-12 	0 	0 	
0.175 1.20855e-11 	0 	0 	
0.185 6.77402e-11 	0 	0 	
0.195 3.61478e-10 	0 	0 	
0.205 1.84888e-09 	0 	0 	
0.215 9.06757e-09 	0 	0 	
0.225 4.26176e-08 	0 	0 	
0.235 1.91823e-07 	9.78913e-31 	0 	
0.245 8.26226e-07 	0 	0 	
0.255 3.40257e-06 	0 	0 	
0.265 1.33848e-05 	0 	0 	
0.275 5.024e-05 	0 	0 	
0.285 0.000179723 	0 	0 	
0.295 0.000611923 	0 	0 	
0.305 0.00198014 	0 	0 	
0.315 0.00607984 	0 	0 	
0.325 0.017681 	0 	0 	
0.335 0.0486053 	0 	0 	
0.345 0.126039 	0 	0 	
0.355 0.307616 	0 	0 	
0.365 0.70508 	0 	0 	
0.375 1.51465 	0 	0 	
0.385 3.04458 	0 	0 	
0.395 5.72098 	0 	0 	
0.405 10.0488 	0 	0 	
0.415 16.5147 	0 	0 	
0.425 25.4451 	0 	0 	
0.435 36.8606 	0 	0 	
0.445 50.3824 	0 	0 	
0.455 65.2299 	0 	0 	
0.465 80.3192 	0 	0 	
0.475 94.4501 	0 	0 	
0.485 106.552 	0 	0 	
0.495 115.931 	0 	0 	
0.505 122.411 	0 	0 	
0.515 126.26 	0 	0 	
0.525 127.877 	0 	0 	
0.535 127.406 	0 	0 	
0.545 124.453 	0 	0 	
0.555 118.088 	0 	0 	
0.565 107.216 	0 	0 	
0.575 91.3245 	-7.43217e-31 	0 	
0.585 71.3792 	-3.96954e-31 	0 	
0.595 50.1612 	0 	0 	
0.605 31.2812 	0 	0 	
0.615 17.2857 	0 	0 	
0.625 8.55236 	0 	0 	
0.635 3.85368 	0 	0 	
0.645 1.60774 	0 	0 	
0.655 0.62842 	0 	0 	
0.665 0.231783 	0 	0 	
0.675 0.0809959 	0 	0 	
0.685 0.0268799 	0 	0 	
0.695 0.00848527 	0 	0 	
0.705 0.00255107 	0 	0 	
0.715 0.000731252 	0 	0 	
0.725 0.000200046 	0 	0 	
0.735 5.22769e-05 	0 	0 	
0.745 1.3061e-05 	0 	0 	
0.755 3.12233e-06 	0 	0 	
0.765 7.14712e-07 	0 	0 	
0.775 1.56755e-07 	0 	0 	
0.785 3.29616e-08 	0 	0 	
0.795 6.64858e-09 	0 	0 	
0.805 1.28702e-09 	0 	0 	
0.815 2.39203e-10 	-9.78913e-31 	0 	
0.825 4.27129e-11 	0 	0 	
0.835 7.32714e-12 	0 	0 	
0.845 1.20576e-12 	0 	0 	
0.855 2.05001e-13 	0 	0 	
0.865 5.06992e-14 	0 	0 	
0.875 2.64518e-14 	0 	0 	
0.885 3.30647e-14 	0 	0 	
0.895 2.86561e-14 	0 	0 	
0.905 4.40863e-15 	0 	0 	
0.915 -1.54302e-14 	0 	0 	
0.925 -1.98388e-14 	0 	0 	
0.935 -1.32259e-14 	0 	0 	
0.945 6.61295e-15 	0 	0 	
0.955 2.64518e-14 	0 	0 	
0.965 1.76345e-14 	0 	0 	
0.975 2.20432e-15 	0 	0 	
0.985 0 	0 	0 	
0.995 0 	0 	0 	
