0.005 9.31439e-15 	0 	0 	
0.015 2.05736e-14 	0 	0 	
0.025 4.11472e-14 	0 	0 	
0.035 5.58426e-14 	0 	0 	
0.045 5.29035e-14 	0 	0 	
0.055 3.5269e-14 	0 	0 	
0.065 8.81723e-15 	0 	0 	
0.075 -8.81727e-15 	0 	0 	
0.085 -2.9391e-15 	0 	0 	
0.095 2.05736e-14 	0 	0 	
0.105 3.82081e-14 	0 	0 	
0.115 2.35127e-14 	0 	0 	
0.125 -2.35127e-14 	0 	0 	
0.135 -9.11117e-14 	0 	0 	
0.145 -1.44015e-13 	-2.93674e-30 	0 	
0.155 -1.58711e-13 	0 	0 	
0.165 -1.08746e-13 	0 	0 	
0.175 3.40933e-13 	0 	0 	
0.185 3.13894e-12 	0 	0 	
0.195 1.97124e-11 	0 	0 	
0.205 1.15268e-10 	0 	0 	
0.215 6.43955e-10 	0 	0 	
0.225 3.4388e-09 	0 	0 	
0.235 1.75399e-08 	5.87348e-30 	0 	
0.245 8.53896e-08 	0 	0 	
0.255 3.96473e-07 	0 	0 	
0.265 1.75421e-06 	0 	0 	
0.275 7.38902e-06 	0 	0 	
0.285 2.9597e-05 	0 	0 	
0.295 0.000112596 	0 	0 	
0.305 0.000406258 	0 	0 	
0.315 0.00138803 	0 	0 	
0.325 0.00448285 	0 	0 	
0.335 0.0136589 	0 	0 	
0.345 0.0391789 	0 	0 	
0.355 0.105555 	0 	0 	
0.365 0.266494 	0 	0 	
0.375 0.629137 	0 	0 	
0.385 1.38645 	0 	0 	
0.395 2.84949 	0 	0 	
0.405 5.46282 	0 	0 	
0.415 9.78356 	0 	0 	
0.425 16.4132 	0 	0 	
0.435 25.8868 	0 	0 	
0.445 38.5339 	0 	0 	
0.455 54.313 	0 	0 	
0.465 72.5916 	0 	0 	
0.475 91.8423 	0 	0 	
0.485 109.417 	0 	0 	
0.495 122.134 	0 	0 	
0.505 128.405 	0 	0 	
0.515 129.837 	0 	0 	
0.525 128.997 	0 	0 	
0.535 126.376 	0 	0 	
0.545 120.735 	0 	0 	
0.555 110.561 	0 	0 	
0.565 94.9567 	0 	0 	
0.575 74.6583 	-1.77865e-30 	0 	
0.585 52.5288 	-2.10814e-31 	0 	
0.595 32.5667 	0 	0 	
0.605 17.7377 	0 	0 	
0.615 8.57534 	0 	0 	
0.625 3.7479 	0 	0 	
0.635 1.50784 	0 	0 	
0.645 0.565674 	0 	0 	
0.655 0.199416 	0 	0 	
0.665 0.0663451 	0 	0 	
0.675 0.020884 	0 	0 	
0.685 0.00623053 	0 	0 	
0.695 0.00176415 	0 	0 	
0.705 0.000474635 	0 	0 	
0.715 0.000121469 	0 	0 	
0.725 2.9599e-05 	0 	0 	
0.735 6.8736e-06 	0 	0 	
0.745 1.52244e-06 	0 	0 	
0.755 3.2186e-07 	0 	0 	
0.765 6.49898e-08 	0 	0 	
0.775 1.25407e-08 	0 	0 	
0.785 2.31374e-09 	0 	0 	
0.795 4.08323e-10 	0 	0 	
0.805 6.89489e-11 	0 	0 	
0.815 1.11494e-11 	-4.89455e-30 	0 	
0.825 1.737e-12 	0 	0 	
0.835 2.68926e-13 	0 	0 	
0.845 4.1882e-14 	0 	0 	
0.855 -4.40862e-15 	0 	0 	
0.865 -2.64517e-14 	0 	0 	
0.875 -2.42474e-14 	0 	0 	
0.885 4.40863e-15 	0 	0 	
0.895 1.76345e-14 	0 	0 	
0.905 -4.40863e-15 	0 	0 	
0.915 -2.64518e-14 	0 	0 	
0.925 -2.20432e-14 	0 	0 	
0.935 2.2043e-15 	0 	0 	
0.945 2.86561e-14 	0 	0 	
0.955 2.86561e-14 	0 	0 	
0.965 1.10216e-14 	0 	0 	
0.975 1.10216e-14 	0 	0 	
0.985 1.32259e-14 	0 	0 	
0.995 4.40863e-15 	0 	0 	
