0.005 0 	0 	0 	
0.015 0 	0 	0 	
0.025 5.87817e-15 	0 	0 	
0.035 2.93909e-14 	0 	0 	
0.045 4.99645e-14 	0 	0 	
0.055 2.35127e-14 	0 	0 	
0.065 -2.35127e-14 	0 	0 	
0.075 -4.11472e-14 	0 	0 	
0.085 -3.233e-14 	0 	0 	
0.095 5.87817e-15 	0 	0 	
0.105 4.11472e-14 	0 	0 	
0.115 4.11472e-14 	0 	0 	
0.125 2.93909e-14 	0 	0 	
0.135 -1.76344e-14 	0 	0 	
0.145 -7.34769e-14 	-1.14206e-30 	0 	
0.155 -7.0538e-14 	0 	0 	
0.165 -5.29035e-14 	0 	0 	
0.175 -4.99645e-14 	0 	0 	
0.185 -2.35127e-14 	0 	0 	
0.195 2.64518e-14 	0 	0 	
0.205 5.29035e-14 	0 	0 	
0.215 3.5269e-14 	0 	0 	
0.225 1.46954e-14 	0 	0 	
0.235 1.17564e-14 	9.78913e-31 	0 	
0.245 2.9391e-15 	0 	0 	
0.255 2.49999e-20 	0 	0 	
0.265 8.81727e-15 	0 	0 	
0.275 5.87818e-15 	0 	0 	
0.285 5.58427e-14 	0 	0 	
0.295 1.0375e-12 	0 	0 	
0.305 1.57212e-11 	0 	0 	
0.315 2.09236e-10 	0 	0 	
0.325 2.46202e-09 	0 	0 	
0.335 2.57573e-08 	0 	0 	
0.345 2.40652e-07 	0 	0 	
0.355 2.01417e-06 	0 	0 	
0.365 1.51295e-05 	0 	0 	
0.375 0.000102065 	0 	0 	
0.385 0.000618119 	0 	0 	
0.395 0.00335538 	0 	0 	
0.405 0.0162823 	0 	0 	
0.415 0.0703605 	0 	0 	
0.425 0.26948 	0 	0 	
0.435 0.910295 	0 	0 	
0.445 2.70209 	0 	0 	
0.455 7.04336 	0 	0 	
0.465 16.1759 	0 	0 	
0.475 32.9578 	0 	0 	
0.485 59.6936 	0 	0 	
0.495 92.3711 	0 	0 	
0.505 113.775 	0 	0 	
0.515 109.635 	0 	0 	
0.525 85.9363 	0 	0 	
0.535 55.716 	0 	0 	
0.545 29.0919 	0 	0 	
0.555 12.1347 	0 	0 	
0.565 4.12484 	0 	0 	
0.575 1.1859 	0 	0 	
0.585 0.297489 	0 	0 	
0.595 0.0662351 	0 	0 	
0.605 0.0131936 	0 	0 	
0.615 0.0023603 	0 	0 	
0.625 0.000379968 	0 	0 	
0.635 5.50861e-05 	0 	0 	
0.645 7.19064e-06 	0 	0 	
0.655 8.44138e-07 	0 	0 	
0.665 8.89233e-08 	0 	0 	
0.675 8.37729e-09 	0 	0 	
0.685 7.02447e-10 	0 	0 	
0.695 5.21233e-11 	0 	0 	
0.705 3.44755e-12 	0 	0 	
0.715 2.31453e-13 	0 	0 	
0.725 1.76345e-14 	0 	0 	
0.735 0 	0 	0 	
0.745 0 	0 	0 	
0.755 0 	0 	0 	
0.765 0 	0 	0 	
0.775 -2.20431e-15 	0 	0 	
0.785 -1.32259e-14 	0 	0 	
0.795 -1.98388e-14 	0 	0 	
0.805 -2.2043e-15 	0 	0 	
0.815 1.76345e-14 	-1.46837e-30 	0 	
0.825 1.54302e-14 	0 	0 	
0.835 4.40863e-15 	0 	0 	
0.845 0 	0 	0 	
0.855 -2.20431e-15 	0 	0 	
0.865 -1.10216e-14 	0 	0 	
0.875 -8.81727e-15 	0 	0 	
0.885 8.81726e-15 	0 	0 	
0.895 1.10216e-14 	0 	0 	
0.905 -2.20431e-15 	0 	0 	
0.915 -1.98388e-14 	0 	0 	
0.925 -2.64518e-14 	0 	0 	
0.935 -2.71409e-25 	0 	0 	
0.945 2.64518e-14 	0 	0 	
0.955 1.98388e-14 	0 	0 	
0.965 4.40863e-15 	0 	0 	
0.975 0 	0 	0 	
0.985 0 	0 	0 	
0.995 0 	0 	0 	
