0.005 273.15 303975
0.015 273.15 303975
0.025 273.15 303975
0.035 273.15 303975
0.045 273.15 303975
0.055 273.15 303975
0.065 273.15 303975
0.075 273.15 303975
0.085 273.15 303975
0.095 273.15 303975
0.105 273.15 303975
0.115 273.15 303975
0.125 273.15 303975
0.135 273.15 303975
0.145 273.15 303975
0.155 273.15 303975
0.165 273.15 303975
0.175 273.15 303975
0.185 273.15 303975
0.195 273.15 303975
0.205 273.15 303975
0.215 273.15 303975
0.225 273.15 303975
0.235 273.15 303975
0.245 273.15 303975
0.255 273.15 303975
0.265 273.15 303975
0.275 273.15 303974
0.285 273.149 303972
0.295 273.147 303966
0.305 273.144 303952
0.315 273.135 303917
0.325 273.114 303834
0.335 273.068 303654
0.345 272.972 303282
0.355 272.787 302561
0.365 272.451 301254
0.375 271.88 299034
0.385 270.97 295510
0.395 269.61 290271
0.405 267.695 282968
0.415 265.148 273399
0.425 261.938 261581
0.435 258.086 247794
0.445 253.69 232602
0.455 248.941 216862
0.465 244.161 201742
0.475 239.899 188688
0.485 236.608 179125
0.495 235.248 173702
0.505 238.446 171626
0.515 248.585 171183
0.525 264.944 171071
0.535 283.56 170799
0.545 299.495 170114
0.555 309.676 168614
0.565 313.858 165719
0.575 313.393 160796
0.585 309.697 153447
0.595 303.786 143883
0.605 296.607 133142
0.615 289.331 122829
0.625 283.132 114401
0.635 278.678 108511
0.645 275.935 104936
0.655 274.448 103008
0.665 273.718 102061
0.675 273.385 101630
0.685 273.243 101445
0.695 273.185 101371
0.705 273.163 101342
0.715 273.154 101331
0.725 273.151 101327
0.735 273.15 101325
0.745 273.15 101325
0.755 273.15 101325
0.765 273.15 101325
0.775 273.15 101325
0.785 273.15 101325
0.795 273.15 101325
0.805 273.15 101325
0.815 273.15 101325
0.825 273.15 101325
0.835 273.15 101325
0.845 273.15 101325
0.855 273.15 101325
0.865 273.15 101325
0.875 273.15 101325
0.885 273.15 101325
0.895 273.15 101325
0.905 273.15 101325
0.915 273.15 101325
0.925 273.15 101325
0.935 273.15 101325
0.945 273.15 101325
0.955 273.15 101325
0.965 273.15 101325
0.975 273.15 101325
0.985 273.15 101325
0.995 273.15 101325
