0.005 2.15679e-14 	0 	0 	
0.015 4.11472e-14 	0 	0 	
0.025 7.0538e-14 	0 	0 	
0.035 8.81725e-14 	0 	0 	
0.045 8.22944e-14 	0 	0 	
0.055 5.29036e-14 	0 	0 	
0.065 -1.17563e-14 	0 	0 	
0.075 -5.58426e-14 	0 	0 	
0.085 -3.82081e-14 	0 	0 	
0.095 2.9391e-15 	0 	0 	
0.105 2.93909e-14 	0 	0 	
0.115 1.76345e-14 	0 	0 	
0.125 -2.05736e-14 	0 	0 	
0.135 -8.81725e-14 	0 	0 	
0.145 -1.64589e-13 	-3.26305e-31 	0 	
0.155 -1.73406e-13 	0 	0 	
0.165 -1.2932e-13 	0 	0 	
0.175 -8.22945e-14 	0 	0 	
0.185 -1.76345e-14 	0 	0 	
0.195 1.41076e-13 	0 	0 	
0.205 8.81726e-13 	0 	0 	
0.215 5.96634e-12 	0 	0 	
0.225 4.068e-11 	0 	0 	
0.235 2.64953e-10 	6.52609e-31 	0 	
0.245 1.63891e-09 	0 	0 	
0.255 9.61662e-09 	0 	0 	
0.265 5.34906e-08 	0 	0 	
0.275 2.81856e-07 	0 	0 	
0.285 1.4058e-06 	0 	0 	
0.295 6.63058e-06 	0 	0 	
0.305 2.954e-05 	0 	0 	
0.315 0.000124143 	0 	0 	
0.325 0.000491376 	0 	0 	
0.335 0.00182855 	0 	0 	
0.345 0.00638421 	0 	0 	
0.355 0.0208642 	0 	0 	
0.365 0.0636577 	0 	0 	
0.375 0.180802 	0 	0 	
0.385 0.47658 	0 	0 	
0.395 1.16239 	0 	0 	
0.405 2.61636 	0 	0 	
0.415 5.42437 	0 	0 	
0.425 10.3499 	0 	0 	
0.435 18.182 	0 	0 	
0.445 29.4557 	0 	0 	
0.455 44.1232 	0 	0 	
0.465 61.3198 	0 	0 	
0.475 79.3829 	0 	0 	
0.485 96.2198 	0 	0 	
0.495 109.944 	0 	0 	
0.505 119.424 	0 	0 	
0.515 124.307 	0 	0 	
0.525 124.469 	0 	0 	
0.535 119.404 	0 	0 	
0.545 108.24 	0 	0 	
0.555 90.6869 	0 	0 	
0.565 68.3956 	0 	0 	
0.575 45.3394 	-8.6007e-31 	0 	
0.585 26.058 	-2.27942e-31 	0 	
0.595 13.0054 	0 	0 	
0.605 5.72552 	0 	0 	
0.615 2.27144 	0 	0 	
0.625 0.826896 	0 	0 	
0.635 0.279452 	0 	0 	
0.645 0.0882471 	0 	0 	
0.655 0.0261357 	0 	0 	
0.665 0.00727659 	0 	0 	
0.675 0.00190785 	0 	0 	
0.685 0.000471755 	0 	0 	
0.695 0.000110153 	0 	0 	
0.705 2.43153e-05 	0 	0 	
0.715 5.07918e-06 	0 	0 	
0.725 1.00487e-06 	0 	0 	
0.735 1.88433e-07 	0 	0 	
0.745 3.35115e-08 	0 	0 	
0.755 5.65503e-09 	0 	0 	
0.765 9.05812e-10 	0 	0 	
0.775 1.37752e-10 	0 	0 	
0.785 1.98697e-11 	0 	0 	
0.795 2.68485e-12 	0 	0 	
0.805 3.35055e-13 	0 	0 	
0.815 6.61296e-14 	-4.89455e-31 	0 	
0.825 3.96777e-14 	0 	0 	
0.835 1.98388e-14 	0 	0 	
0.845 8.81726e-15 	0 	0 	
0.855 4.40863e-15 	0 	0 	
0.865 -6.61294e-15 	0 	0 	
0.875 -2.20432e-15 	0 	0 	
0.885 1.98388e-14 	0 	0 	
0.895 2.20432e-14 	0 	0 	
0.905 2.20433e-15 	0 	0 	
0.915 -1.54302e-14 	0 	0 	
0.925 -1.98388e-14 	0 	0 	
0.935 -1.32259e-14 	0 	0 	
0.945 6.61295e-15 	0 	0 	
0.955 2.64518e-14 	0 	0 	
0.965 1.76345e-14 	0 	0 	
0.975 2.20432e-15 	0 	0 	
0.985 0 	0 	0 	
0.995 0 	0 	0 	
