0.005 273.15 303975
0.015 273.15 303975
0.025 273.15 303975
0.035 273.15 303975
0.045 273.15 303975
0.055 273.15 303975
0.065 273.15 303975
0.075 273.15 303975
0.085 273.15 303975
0.095 273.15 303975
0.105 273.15 303975
0.115 273.15 303975
0.125 273.15 303975
0.135 273.15 303975
0.145 273.15 303975
0.155 273.15 303975
0.165 273.15 303975
0.175 273.15 303975
0.185 273.15 303975
0.195 273.15 303975
0.205 273.15 303975
0.215 273.15 303975
0.225 273.15 303975
0.235 273.15 303975
0.245 273.15 303975
0.255 273.15 303975
0.265 273.15 303975
0.275 273.15 303975
0.285 273.15 303975
0.295 273.15 303975
0.305 273.15 303975
0.315 273.15 303975
0.325 273.15 303974
0.335 273.15 303972
0.345 273.148 303966
0.355 273.143 303948
0.365 273.129 303893
0.375 273.091 303743
0.385 272.994 303364
0.395 272.771 302487
0.405 272.302 300636
0.415 271.41 297090
0.425 269.878 290957
0.435 267.512 281429
0.445 264.247 268176
0.455 260.266 251708
0.465 256.095 233461
0.475 252.642 215469
0.485 251.115 199743
0.495 252.742 187633
0.505 258.262 179385
0.515 267.344 174072
0.525 278.353 169911
0.535 288.677 164850
0.545 295.593 157273
0.555 297.375 146720
0.565 294.198 134327
0.575 288.16 122394
0.585 282.033 113042
0.595 277.597 107035
0.605 275.09 103803
0.615 273.911 102301
0.625 273.425 101679
0.635 273.243 101445
0.645 273.179 101363
0.655 273.159 101336
0.665 273.153 101328
0.675 273.151 101326
0.685 273.15 101325
0.695 273.15 101325
0.705 273.15 101325
0.715 273.15 101325
0.725 273.15 101325
0.735 273.15 101325
0.745 273.15 101325
0.755 273.15 101325
0.765 273.15 101325
0.775 273.15 101325
0.785 273.15 101325
0.795 273.15 101325
0.805 273.15 101325
0.815 273.15 101325
0.825 273.15 101325
0.835 273.15 101325
0.845 273.15 101325
0.855 273.15 101325
0.865 273.15 101325
0.875 273.15 101325
0.885 273.15 101325
0.895 273.15 101325
0.905 273.15 101325
0.915 273.15 101325
0.925 273.15 101325
0.935 273.15 101325
0.945 273.15 101325
0.955 273.15 101325
0.965 273.15 101325
0.975 273.15 101325
0.985 273.15 101325
0.995 273.15 101325
