0.005 1.86289e-14 	0 	0 	
0.015 2.35127e-14 	0 	0 	
0.025 2.93909e-14 	0 	0 	
0.035 3.233e-14 	0 	0 	
0.045 2.05736e-14 	0 	0 	
0.055 1.76345e-14 	0 	0 	
0.065 1.76345e-14 	0 	0 	
0.075 -1.17563e-14 	0 	0 	
0.085 -3.5269e-14 	0 	0 	
0.095 -5.87815e-15 	0 	0 	
0.105 3.5269e-14 	0 	0 	
0.115 4.40863e-14 	0 	0 	
0.125 3.233e-14 	0 	0 	
0.135 -2.64516e-14 	0 	0 	
0.145 -1.29319e-13 	-1.79468e-30 	0 	
0.155 -1.70467e-13 	0 	0 	
0.165 -1.26381e-13 	0 	0 	
0.175 -7.93553e-14 	0 	0 	
0.185 -3.52691e-14 	0 	0 	
0.195 2.93908e-14 	0 	0 	
0.205 6.7599e-14 	0 	0 	
0.215 4.70254e-14 	0 	0 	
0.225 2.64518e-14 	0 	0 	
0.235 3.82081e-14 	3.58935e-30 	0 	
0.245 2.64518e-14 	0 	0 	
0.255 -2.9391e-15 	0 	0 	
0.265 -5.87818e-15 	0 	0 	
0.275 5.87817e-15 	0 	0 	
0.285 2.35127e-14 	0 	0 	
0.295 6.46599e-14 	0 	0 	
0.305 9.11116e-14 	0 	0 	
0.315 6.75989e-14 	0 	0 	
0.325 4.99644e-14 	0 	0 	
0.335 3.233e-14 	0 	0 	
0.345 -1.76345e-14 	0 	0 	
0.355 -6.46599e-14 	0 	0 	
0.365 -8.52335e-14 	0 	0 	
0.375 -7.34772e-14 	0 	0 	
0.385 -5.29035e-14 	0 	0 	
0.395 -5.58426e-14 	0 	0 	
0.405 -4.40863e-14 	0 	0 	
0.415 -2.91323e-25 	0 	0 	
0.425 2.35127e-14 	0 	0 	
0.435 2.93909e-14 	0 	0 	
0.445 1.22488 	0 	0 	
0.455 10.468 	0 	0 	
0.465 35.1125 	0 	0 	
0.475 71.3021 	0 	0 	
0.485 104.965 	0 	0 	
0.495 125.074 	0 	0 	
0.505 131.661 	0 	0 	
0.515 132.172 	0 	0 	
0.525 129.922 	0 	0 	
0.535 114.183 	0 	0 	
0.545 75.1021 	0 	0 	
0.555 29.6114 	0 	0 	
0.565 4.82238 	0 	0 	
0.575 -1.76345e-14 	0 	0 	
0.585 -2.64518e-14 	0 	0 	
0.595 -1.32259e-14 	0 	0 	
0.605 -8.81725e-15 	0 	0 	
0.615 -2.20431e-14 	0 	0 	
0.625 -3.96777e-14 	0 	0 	
0.635 -3.96777e-14 	0 	0 	
0.645 -1.76345e-14 	0 	0 	
0.655 -4.40863e-15 	0 	0 	
0.665 -2.86561e-14 	0 	0 	
0.675 -5.29035e-14 	0 	0 	
0.685 -1.32259e-14 	0 	0 	
0.695 5.95166e-14 	0 	0 	
0.705 9.699e-14 	0 	0 	
0.715 7.93554e-14 	0 	0 	
0.725 3.74733e-14 	0 	0 	
0.735 8.81725e-15 	0 	0 	
0.745 0 	0 	0 	
0.755 -4.40862e-15 	0 	0 	
0.765 -1.54302e-14 	0 	0 	
0.775 -2.20431e-14 	0 	0 	
0.785 -1.98388e-14 	0 	0 	
0.795 -1.54302e-14 	0 	0 	
0.805 -5.00016e-21 	0 	0 	
0.815 2.20431e-14 	-2.692e-30 	0 	
0.825 2.42475e-14 	0 	0 	
0.835 1.32259e-14 	0 	0 	
0.845 8.81726e-15 	0 	0 	
0.855 4.40863e-15 	0 	0 	
0.865 -4.40863e-15 	0 	0 	
0.875 -8.81726e-15 	0 	0 	
0.885 -2.20432e-15 	0 	0 	
0.895 8.81725e-15 	0 	0 	
0.905 -4.40864e-15 	0 	0 	
0.915 -3.74734e-14 	0 	0 	
0.925 -3.96777e-14 	0 	0 	
0.935 -2.20433e-15 	0 	0 	
0.945 3.5269e-14 	0 	0 	
0.955 3.74734e-14 	0 	0 	
0.965 1.32259e-14 	0 	0 	
0.975 2.20431e-15 	0 	0 	
0.985 4.40863e-15 	0 	0 	
0.995 2.20432e-15 	0 	0 	
