0.005 273.15 303975
0.015 273.15 303975
0.025 273.15 303975
0.035 273.15 303975
0.045 273.15 303975
0.055 273.15 303975
0.065 273.15 303975
0.075 273.15 303975
0.085 273.15 303975
0.095 273.15 303975
0.105 273.15 303975
0.115 273.15 303975
0.125 273.15 303975
0.135 273.15 303975
0.145 273.15 303975
0.155 273.15 303975
0.165 273.15 303975
0.175 273.15 303975
0.185 273.15 303975
0.195 273.15 303975
0.205 273.15 303975
0.215 273.15 303975
0.225 273.15 303975
0.235 273.15 303975
0.245 273.15 303975
0.255 273.15 303975
0.265 273.15 303975
0.275 273.15 303975
0.285 273.15 303975
0.295 273.15 303975
0.305 273.15 303975
0.315 273.15 303975
0.325 273.15 303975
0.335 273.15 303975
0.345 273.15 303975
0.355 272.767 302473
0.365 271.004 295699
0.375 267.381 282159
0.385 262.557 264796
0.395 257.286 246688
0.405 251.92 229161
0.415 246.684 212911
0.425 241.812 198514
0.435 237.632 186634
0.445 234.645 178233
0.455 232.979 173547
0.465 232.08 171509
0.475 231.603 171046
0.485 231.484 171304
0.495 231.532 171642
0.505 231.743 171797
0.515 232.998 171697
0.525 237.626 171471
0.535 247.98 171317
0.545 263.998 171318
0.555 282.948 171427
0.565 300.646 171556
0.575 313.076 171616
0.585 318.775 171562
0.595 319.983 171442
0.605 319.925 171371
0.615 319.809 171402
0.625 319.472 171349
0.635 318.437 170353
0.645 314.892 164800
0.655 305.039 148474
0.665 289.571 124302
0.675 277.428 106847
0.685 273.409 101606
0.695 273.15 101325
0.705 273.15 101325
0.715 273.15 101325
0.725 273.15 101325
0.735 273.15 101325
0.745 273.15 101325
0.755 273.15 101325
0.765 273.15 101325
0.775 273.15 101325
0.785 273.15 101325
0.795 273.15 101325
0.805 273.15 101325
0.815 273.15 101325
0.825 273.15 101325
0.835 273.15 101325
0.845 273.15 101325
0.855 273.15 101325
0.865 273.15 101325
0.875 273.15 101325
0.885 273.15 101325
0.895 273.15 101325
0.905 273.15 101325
0.915 273.15 101325
0.925 273.15 101325
0.935 273.15 101325
0.945 273.15 101325
0.955 273.15 101325
0.965 273.15 101325
0.975 273.15 101325
0.985 273.15 101325
0.995 273.15 101325
