0.005 273.15 303975
0.015 273.15 303975
0.025 273.15 303975
0.035 273.15 303975
0.045 273.15 303975
0.055 273.15 303975
0.065 273.15 303975
0.075 273.15 303975
0.085 273.15 303975
0.095 273.15 303975
0.105 273.15 303975
0.115 273.15 303975
0.125 273.15 303975
0.135 273.15 303975
0.145 273.15 303975
0.155 273.15 303975
0.165 273.15 303975
0.175 273.15 303975
0.185 273.15 303975
0.195 273.15 303975
0.205 273.15 303975
0.215 273.15 303975
0.225 273.15 303974
0.235 273.149 303972
0.245 273.148 303968
0.255 273.145 303958
0.265 273.14 303936
0.275 273.128 303888
0.285 273.103 303790
0.295 273.054 303600
0.305 272.963 303245
0.315 272.801 302618
0.325 272.531 301565
0.335 272.099 299889
0.345 271.445 297354
0.355 270.502 293718
0.365 269.207 288758
0.375 267.508 282314
0.385 265.371 274321
0.395 262.787 264831
0.405 259.776 254018
0.415 256.385 242177
0.425 252.699 229712
0.435 248.839 217123
0.445 244.977 205004
0.455 241.346 194029
0.465 238.232 184897
0.475 235.919 178178
0.485 234.59 174049
0.495 234.416 172090
0.505 236.035 171451
0.515 240.755 171336
0.525 249.79 171333
0.535 263.047 171329
0.545 278.614 171299
0.555 293.506 171197
0.565 305.163 170934
0.575 312.542 170339
0.585 316.048 169137
0.595 316.679 166938
0.605 315.259 163284
0.615 312.197 157774
0.625 307.643 150273
0.635 301.804 141142
0.645 295.201 131311
0.655 288.678 122042
0.665 283.105 114422
0.675 278.984 108937
0.685 276.311 105433
0.695 274.755 103409
0.705 273.923 102329
0.715 273.506 101787
0.725 273.308 101530
0.735 273.217 101413
0.745 273.178 101361
0.755 273.161 101340
0.765 273.154 101331
0.775 273.151 101327
0.785 273.15 101326
0.795 273.15 101325
0.805 273.15 101325
0.815 273.15 101325
0.825 273.15 101325
0.835 273.15 101325
0.845 273.15 101325
0.855 273.15 101325
0.865 273.15 101325
0.875 273.15 101325
0.885 273.15 101325
0.895 273.15 101325
0.905 273.15 101325
0.915 273.15 101325
0.925 273.15 101325
0.935 273.15 101325
0.945 273.15 101325
0.955 273.15 101325
0.965 273.15 101325
0.975 273.15 101325
0.985 273.15 101325
0.995 273.15 101325
