0.005 2.79433e-14 	0 	0 	
0.015 4.70253e-14 	0 	0 	
0.025 7.93552e-14 	0 	0 	
0.035 9.99287e-14 	0 	0 	
0.045 9.69897e-14 	0 	0 	
0.055 1.14624e-13 	0 	0 	
0.065 2.82152e-13 	0 	0 	
0.075 1.16976e-12 	0 	0 	
0.085 5.20805e-12 	0 	0 	
0.095 2.27749e-11 	0 	0 	
0.105 9.66459e-11 	0 	0 	
0.115 3.97752e-10 	0 	0 	
0.125 1.58822e-09 	0 	0 	
0.135 6.15127e-09 	0 	0 	
0.145 2.30995e-08 	-5.05771e-30 	0 	
0.155 8.40629e-08 	0 	0 	
0.165 2.963e-07 	0 	0 	
0.175 1.01093e-06 	0 	0 	
0.185 3.33659e-06 	0 	0 	
0.195 1.06456e-05 	0 	0 	
0.205 3.28098e-05 	0 	0 	
0.215 9.76025e-05 	0 	0 	
0.225 0.000280008 	0 	0 	
0.235 0.00077399 	1.1747e-29 	0 	
0.245 0.00205935 	0 	0 	
0.255 0.00526866 	0 	0 	
0.265 0.0129467 	0 	0 	
0.275 0.0305204 	0 	0 	
0.285 0.0689399 	0 	0 	
0.295 0.149026 	0 	0 	
0.305 0.307935 	0 	0 	
0.315 0.607591 	0 	0 	
0.325 1.1439 	0 	0 	
0.335 2.05415 	0 	0 	
0.345 3.51891 	0 	0 	
0.355 5.75518 	0 	0 	
0.365 8.99924 	0 	0 	
0.375 13.4813 	0 	0 	
0.385 19.3969 	0 	0 	
0.395 26.8797 	0 	0 	
0.405 35.9799 	0 	0 	
0.415 46.6459 	0 	0 	
0.425 58.7036 	0 	0 	
0.435 71.8245 	0 	0 	
0.445 85.4724 	0 	0 	
0.455 98.8379 	0 	0 	
0.465 110.821 	0 	0 	
0.475 120.223 	0 	0 	
0.485 126.27 	0 	0 	
0.495 129.187 	0 	0 	
0.505 130.107 	0 	0 	
0.515 130.233 	0 	0 	
0.525 130.193 	0 	0 	
0.535 130.117 	0 	0 	
0.545 129.964 	0 	0 	
0.555 129.622 	0 	0 	
0.565 128.871 	0 	0 	
0.575 127.325 	-2.6996e-30 	0 	
0.585 124.391 	-1.71405e-30 	0 	
0.595 119.288 	0 	0 	
0.605 111.164 	0 	0 	
0.615 99.3759 	0 	0 	
0.625 83.9313 	0 	0 	
0.635 65.9061 	0 	0 	
0.645 47.4545 	0 	0 	
0.655 31.0837 	0 	0 	
0.665 18.5325 	0 	0 	
0.675 10.1443 	0 	0 	
0.685 5.16482 	0 	0 	
0.695 2.47729 	0 	0 	
0.705 1.13029 	0 	0 	
0.715 0.49362 	0 	0 	
0.725 0.207086 	0 	0 	
0.735 0.0836295 	0 	0 	
0.745 0.0325501 	0 	0 	
0.755 0.0122206 	0 	0 	
0.765 0.00442863 	0 	0 	
0.775 0.00155002 	0 	0 	
0.785 0.000524252 	0 	0 	
0.795 0.000171443 	0 	0 	
0.805 5.42383e-05 	0 	0 	
0.815 1.66083e-05 	-1.02786e-29 	0 	
0.825 4.92496e-06 	0 	0 	
0.835 1.41498e-06 	0 	0 	
0.845 3.94068e-07 	0 	0 	
0.855 1.0643e-07 	0 	0 	
0.865 2.78876e-08 	0 	0 	
0.875 7.09245e-09 	0 	0 	
0.885 1.75137e-09 	0 	0 	
0.895 4.20023e-10 	0 	0 	
0.905 9.78561e-11 	0 	0 	
0.915 2.21578e-11 	0 	0 	
0.925 4.88477e-12 	0 	0 	
0.935 1.08011e-12 	0 	0 	
0.945 2.68927e-13 	0 	0 	
0.955 6.83338e-14 	0 	0 	
0.965 8.81725e-15 	0 	0 	
0.975 0 	0 	0 	
0.985 0 	0 	0 	
0.995 0 	0 	0 	
