0.005 273.15 303975
0.015 273.15 303975
0.025 273.15 303975
0.035 273.15 303975
0.045 273.15 303975
0.055 273.15 303975
0.065 273.15 303975
0.075 273.15 303975
0.085 273.15 303975
0.095 273.15 303975
0.105 273.15 303975
0.115 273.15 303975
0.125 273.15 303975
0.135 273.15 303975
0.145 273.15 303975
0.155 273.15 303975
0.165 273.15 303975
0.175 273.15 303975
0.185 273.15 303975
0.195 273.15 303975
0.205 273.15 303975
0.215 273.15 303975
0.225 273.15 303975
0.235 273.15 303974
0.245 273.149 303971
0.255 273.147 303964
0.265 273.143 303949
0.275 273.135 303917
0.285 273.117 303847
0.295 273.081 303706
0.305 273.012 303436
0.315 272.885 302943
0.325 272.666 302090
0.335 272.306 300690
0.345 271.745 298513
0.355 270.914 295302
0.365 269.744 290809
0.375 268.175 284833
0.385 266.161 277259
0.395 263.681 268088
0.405 260.742 257450
0.415 257.381 245604
0.425 253.669 232935
0.435 249.722 219941
0.445 245.71 207242
0.455 241.874 195575
0.465 238.533 185754
0.475 236.034 178490
0.485 234.535 174051
0.495 234.091 171997
0.505 235.515 171365
0.515 240.562 171268
0.525 250.595 171266
0.535 265.093 171249
0.545 281.48 171188
0.555 296.374 171029
0.565 307.337 170659
0.575 313.749 169876
0.585 316.366 168359
0.595 316.283 165678
0.605 314.258 161367
0.615 310.616 155086
0.625 305.512 146860
0.635 299.261 137280
0.645 292.541 127472
0.655 286.271 118714
0.665 281.226 111905
0.675 277.706 107256
0.685 275.536 104424
0.695 274.326 102852
0.705 273.701 102041
0.715 273.398 101646
0.725 273.257 101464
0.735 273.195 101383
0.745 273.168 101348
0.755 273.157 101334
0.765 273.153 101329
0.775 273.151 101326
0.785 273.15 101325
0.795 273.15 101325
0.805 273.15 101325
0.815 273.15 101325
0.825 273.15 101325
0.835 273.15 101325
0.845 273.15 101325
0.855 273.15 101325
0.865 273.15 101325
0.875 273.15 101325
0.885 273.15 101325
0.895 273.15 101325
0.905 273.15 101325
0.915 273.15 101325
0.925 273.15 101325
0.935 273.15 101325
0.945 273.15 101325
0.955 273.15 101325
0.965 273.15 101325
0.975 273.15 101325
0.985 273.15 101325
0.995 273.15 101325
