0.005 2.79433e-14 	0 	0 	
0.015 4.70253e-14 	0 	0 	
0.025 7.93552e-14 	0 	0 	
0.035 1.05807e-13 	0 	0 	
0.045 1.2638e-13 	0 	0 	
0.055 2.38066e-13 	0 	0 	
0.065 8.17067e-13 	0 	0 	
0.075 3.49751e-12 	0 	0 	
0.085 1.50922e-11 	0 	0 	
0.095 6.34491e-11 	0 	0 	
0.105 2.5916e-10 	0 	0 	
0.115 1.02778e-09 	0 	0 	
0.125 3.95657e-09 	0 	0 	
0.135 1.47802e-08 	0 	0 	
0.145 5.35531e-08 	-5.22087e-30 	0 	
0.155 1.88107e-07 	0 	0 	
0.165 6.40173e-07 	0 	0 	
0.175 2.10957e-06 	0 	0 	
0.185 6.72692e-06 	0 	0 	
0.195 2.07424e-05 	0 	0 	
0.205 6.1802e-05 	0 	0 	
0.215 0.000177785 	0 	0 	
0.225 0.000493362 	0 	0 	
0.235 0.00131952 	1.23996e-29 	0 	
0.245 0.00339797 	0 	0 	
0.255 0.00841629 	0 	0 	
0.265 0.0200281 	0 	0 	
0.275 0.0457374 	0 	0 	
0.285 0.100116 	0 	0 	
0.295 0.209814 	0 	0 	
0.305 0.420527 	0 	0 	
0.315 0.805384 	0 	0 	
0.325 1.47303 	0 	0 	
0.335 2.57256 	0 	0 	
0.345 4.29182 	0 	0 	
0.355 6.84681 	0 	0 	
0.365 10.4621 	0 	0 	
0.375 15.3453 	0 	0 	
0.385 21.6612 	0 	0 	
0.395 29.5085 	0 	0 	
0.405 38.9023 	0 	0 	
0.415 49.7583 	0 	0 	
0.425 61.8738 	0 	0 	
0.435 74.8951 	0 	0 	
0.445 88.266 	0 	0 	
0.455 101.171 	0 	0 	
0.465 112.542 	0 	0 	
0.475 121.278 	0 	0 	
0.485 126.764 	0 	0 	
0.495 129.342 	0 	0 	
0.505 130.133 	0 	0 	
0.515 130.236 	0 	0 	
0.525 130.199 	0 	0 	
0.535 130.136 	0 	0 	
0.545 130.017 	0 	0 	
0.555 129.757 	0 	0 	
0.565 129.183 	0 	0 	
0.575 127.982 	-2.68812e-30 	0 	
0.585 125.657 	-1.70646e-30 	0 	
0.595 121.515 	0 	0 	
0.605 114.733 	0 	0 	
0.615 104.564 	0 	0 	
0.625 90.6991 	0 	0 	
0.635 73.7165 	0 	0 	
0.645 55.3107 	0 	0 	
0.655 37.9065 	0 	0 	
0.665 23.6534 	0 	0 	
0.675 13.5097 	0 	0 	
0.685 7.14414 	0 	0 	
0.695 3.54412 	0 	0 	
0.705 1.66772 	0 	0 	
0.715 0.750052 	0 	0 	
0.725 0.323901 	0 	0 	
0.735 0.134655 	0 	0 	
0.745 0.0539735 	0 	0 	
0.755 0.0208785 	0 	0 	
0.765 0.0077997 	0 	0 	
0.775 0.00281562 	0 	0 	
0.785 0.000982708 	0 	0 	
0.795 0.000331787 	0 	0 	
0.805 0.000108418 	0 	0 	
0.815 3.43062e-05 	-1.0768e-29 	0 	
0.825 1.0517e-05 	0 	0 	
0.835 3.1251e-06 	0 	0 	
0.845 9.00525e-07 	0 	0 	
0.855 2.51756e-07 	0 	0 	
0.865 6.83132e-08 	0 	0 	
0.875 1.7999e-08 	0 	0 	
0.885 4.60653e-09 	0 	0 	
0.895 1.1456e-09 	0 	0 	
0.905 2.76924e-10 	0 	0 	
0.915 6.51023e-11 	0 	0 	
0.925 1.49012e-11 	0 	0 	
0.935 3.33513e-12 	0 	0 	
0.945 7.49467e-13 	0 	0 	
0.955 1.80754e-13 	0 	0 	
0.965 4.62905e-14 	0 	0 	
0.975 8.81725e-15 	0 	0 	
0.985 0 	0 	0 	
0.995 0 	0 	0 	
