0.005 2.79433e-14 	0 	0 	
0.015 4.70253e-14 	0 	0 	
0.025 7.64162e-14 	0 	0 	
0.035 9.11116e-14 	0 	0 	
0.045 7.05381e-14 	0 	0 	
0.055 4.40863e-14 	0 	0 	
0.065 3.82081e-14 	0 	0 	
0.075 9.69899e-14 	0 	0 	
0.085 5.02584e-13 	0 	0 	
0.095 2.49234e-12 	0 	0 	
0.105 1.15477e-11 	0 	0 	
0.115 5.15721e-11 	0 	0 	
0.125 2.22865e-10 	0 	0 	
0.135 9.32705e-10 	0 	0 	
0.145 3.7809e-09 	-4.0788e-30 	0 	
0.155 1.48403e-08 	9.78913e-31 	0 	
0.165 5.63728e-08 	0 	0 	
0.175 2.07126e-07 	0 	0 	
0.185 7.35642e-07 	0 	0 	
0.195 2.52394e-06 	0 	0 	
0.205 8.35905e-06 	0 	0 	
0.215 2.67034e-05 	0 	0 	
0.225 8.2214e-05 	0 	0 	
0.235 0.000243726 	8.81022e-30 	0 	
0.245 0.000695045 	3.26306e-31 	0 	
0.255 0.0019047 	0 	0 	
0.265 0.00501016 	0 	0 	
0.275 0.0126348 	0 	0 	
0.285 0.0305091 	0 	0 	
0.295 0.070446 	0 	0 	
0.305 0.155336 	0 	0 	
0.315 0.326683 	0 	0 	
0.325 0.654543 	0 	0 	
0.335 1.24842 	0 	0 	
0.345 2.26592 	0 	0 	
0.355 3.91482 	0 	0 	
0.365 6.44467 	0 	0 	
0.375 10.1273 	0 	0 	
0.385 15.2307 	0 	0 	
0.395 21.9963 	0 	0 	
0.405 30.6025 	0 	0 	
0.415 41.1034 	0 	0 	
0.425 53.3693 	0 	0 	
0.435 67.0144 	0 	0 	
0.445 81.2914 	0 	0 	
0.455 95.0485 	0 	0 	
0.465 106.958 	0 	0 	
0.475 116.065 	0 	0 	
0.485 122.231 	0 	0 	
0.495 125.993 	0 	0 	
0.505 128.1 	0 	0 	
0.515 129.206 	0 	0 	
0.525 129.741 	0 	0 	
0.535 129.901 	0 	0 	
0.545 129.741 	0 	0 	
0.555 129.176 	0 	0 	
0.565 127.899 	0 	0 	
0.575 125.36 	-1.82992e-30 	0 	
0.585 120.773 	-1.19765e-30 	0 	
0.595 113.223 	0 	0 	
0.605 101.948 	0 	0 	
0.615 86.7886 	0 	0 	
0.625 68.6844 	0 	0 	
0.635 49.7742 	0 	0 	
0.645 32.7198 	0 	0 	
0.655 19.4971 	0 	0 	
0.665 10.6168 	0 	0 	
0.675 5.35359 	0 	0 	
0.685 2.53387 	0 	0 	
0.695 1.13742 	0 	0 	
0.705 0.487484 	0 	0 	
0.715 0.200262 	0 	0 	
0.725 0.0790312 	0 	0 	
0.735 0.0300016 	0 	0 	
0.745 0.0109657 	0 	0 	
0.755 0.00386178 	0 	0 	
0.765 0.00131126 	0 	0 	
0.775 0.000429544 	0 	0 	
0.785 0.000135833 	0 	0 	
0.795 4.14897e-05 	0 	0 	
0.805 1.22477e-05 	-1.22364e-31 	0 	
0.815 3.49613e-06 	-8.56548e-30 	0 	
0.825 9.65531e-07 	0 	0 	
0.835 2.58112e-07 	0 	0 	
0.845 6.68216e-08 	0 	0 	
0.855 1.67606e-08 	0 	0 	
0.865 4.07482e-09 	0 	0 	
0.875 9.60615e-10 	0 	0 	
0.885 2.19686e-10 	0 	0 	
0.895 4.87462e-11 	0 	0 	
0.905 1.04903e-11 	0 	0 	
0.915 2.19329e-12 	0 	0 	
0.925 4.43066e-13 	0 	0 	
0.935 9.25812e-14 	0 	0 	
0.945 3.96777e-14 	0 	0 	
0.955 2.20432e-14 	0 	0 	
0.965 4.40863e-15 	0 	0 	
0.975 0 	0 	0 	
0.985 0 	0 	0 	
0.995 0 	0 	0 	
