0.005 1.17563e-14 	0 	0 	
0.015 2.93909e-14 	0 	0 	
0.025 3.5269e-14 	0 	0 	
0.035 3.233e-14 	0 	0 	
0.045 1.76345e-14 	0 	0 	
0.055 2.93908e-15 	0 	0 	
0.065 -8.81725e-15 	0 	0 	
0.075 -2.35127e-14 	0 	0 	
0.085 -1.46954e-14 	0 	0 	
0.095 2.64518e-14 	0 	0 	
0.105 5.87817e-14 	0 	0 	
0.115 5.29036e-14 	0 	0 	
0.125 1.76345e-14 	0 	0 	
0.135 -4.99644e-14 	0 	0 	
0.145 -1.17563e-13 	-1.63152e-30 	0 	
0.155 -1.2932e-13 	0 	0 	
0.165 -9.69898e-14 	0 	0 	
0.175 -5.29036e-14 	0 	0 	
0.185 -8.81725e-15 	0 	0 	
0.195 2.35127e-14 	0 	0 	
0.205 3.5269e-14 	0 	0 	
0.215 2.93909e-14 	0 	0 	
0.225 2.93909e-14 	0 	0 	
0.235 3.82081e-14 	3.26303e-30 	0 	
0.245 6.75988e-14 	0 	0 	
0.255 5.14341e-13 	0 	0 	
0.265 5.2492e-12 	0 	0 	
0.275 5.01732e-11 	0 	0 	
0.285 4.43322e-10 	0 	0 	
0.295 3.6225e-09 	0 	0 	
0.305 2.73952e-08 	0 	0 	
0.315 1.91802e-07 	0 	0 	
0.325 1.24312e-06 	0 	0 	
0.335 7.45489e-06 	0 	0 	
0.345 4.13282e-05 	0 	0 	
0.355 0.000211512 	0 	0 	
0.365 0.000997489 	0 	0 	
0.375 0.00432444 	0 	0 	
0.385 0.017184 	0 	0 	
0.395 0.0623709 	0 	0 	
0.405 0.205972 	0 	0 	
0.415 0.616451 	0 	0 	
0.425 1.66661 	0 	0 	
0.435 4.06316 	0 	0 	
0.445 8.93795 	0 	0 	
0.455 17.7929 	0 	0 	
0.465 32.1924 	0 	0 	
0.475 53.0824 	0 	0 	
0.485 79.4437 	0 	0 	
0.495 105.82 	0 	0 	
0.505 122.087 	0 	0 	
0.515 122.653 	0 	0 	
0.525 110.838 	0 	0 	
0.535 90.237 	0 	0 	
0.545 63.9582 	0 	0 	
0.555 38.2807 	0 	0 	
0.565 19.0818 	0 	0 	
0.575 7.98762 	0 	0 	
0.585 2.88103 	0 	0 	
0.595 0.920885 	0 	0 	
0.605 0.265946 	0 	0 	
0.615 0.0701278 	0 	0 	
0.625 0.0169783 	0 	0 	
0.635 0.00378632 	0 	0 	
0.645 0.000779509 	0 	0 	
0.655 0.000148396 	0 	0 	
0.665 2.61551e-05 	0 	0 	
0.675 4.27175e-06 	0 	0 	
0.685 6.46845e-07 	0 	0 	
0.695 9.08259e-08 	0 	0 	
0.705 1.18238e-08 	0 	0 	
0.715 1.42631e-09 	0 	0 	
0.725 1.59295e-10 	0 	0 	
0.735 1.64574e-11 	0 	0 	
0.745 1.5849e-12 	0 	0 	
0.755 1.43281e-13 	0 	0 	
0.765 4.40864e-15 	0 	0 	
0.775 4.99995e-21 	0 	0 	
0.785 -2.20431e-15 	0 	0 	
0.795 -8.81725e-15 	0 	0 	
0.805 2.20432e-15 	0 	0 	
0.815 1.32259e-14 	-2.44729e-30 	0 	
0.825 6.61295e-15 	0 	0 	
0.835 0 	0 	0 	
0.845 -2.20431e-15 	0 	0 	
0.855 -1.10216e-14 	0 	0 	
0.865 -2.20432e-14 	0 	0 	
0.875 -1.54302e-14 	0 	0 	
0.885 1.10215e-14 	0 	0 	
0.895 2.20431e-14 	0 	0 	
0.905 2.17314e-25 	0 	0 	
0.915 -2.64517e-14 	0 	0 	
0.925 -2.64518e-14 	0 	0 	
0.935 -2.2043e-15 	0 	0 	
0.945 1.98388e-14 	0 	0 	
0.955 1.76345e-14 	0 	0 	
0.965 6.61295e-15 	0 	0 	
0.975 1.10216e-14 	0 	0 	
0.985 1.32259e-14 	0 	0 	
0.995 4.40863e-15 	0 	0 	
