0.005 1.86289e-14 	0 	0 	
0.015 2.64518e-14 	0 	0 	
0.025 3.5269e-14 	0 	0 	
0.035 4.99645e-14 	0 	0 	
0.045 5.58427e-14 	0 	0 	
0.055 4.11472e-14 	0 	0 	
0.065 1.76345e-14 	0 	0 	
0.075 -1.46954e-14 	0 	0 	
0.085 -2.35127e-14 	0 	0 	
0.095 1.76345e-14 	0 	0 	
0.105 4.11472e-14 	0 	0 	
0.115 8.81723e-15 	0 	0 	
0.125 -3.82081e-14 	0 	0 	
0.135 -7.34771e-14 	0 	0 	
0.145 -9.99288e-14 	-2.93674e-30 	0 	
0.155 -1.32259e-13 	0 	0 	
0.165 -1.79284e-13 	0 	0 	
0.175 -1.91041e-13 	0 	0 	
0.185 -1.23442e-13 	0 	0 	
0.195 -1.46955e-14 	0 	0 	
0.205 5.58427e-14 	0 	0 	
0.215 5.29036e-14 	0 	0 	
0.225 3.82081e-14 	0 	0 	
0.235 4.70254e-14 	5.87348e-30 	0 	
0.245 3.82081e-14 	0 	0 	
0.255 2.35127e-14 	0 	0 	
0.265 5.29034e-14 	0 	0 	
0.275 9.11114e-14 	0 	0 	
0.285 9.40507e-14 	0 	0 	
0.295 9.40507e-14 	0 	0 	
0.305 9.40507e-14 	0 	0 	
0.315 7.05381e-14 	0 	0 	
0.325 4.11472e-14 	0 	0 	
0.335 2.35127e-14 	0 	0 	
0.345 -2.49998e-20 	0 	0 	
0.355 -3.5269e-14 	0 	0 	
0.365 -7.34772e-14 	0 	0 	
0.375 -1.14624e-13 	0 	0 	
0.385 -1.46954e-13 	0 	0 	
0.395 -1.49893e-13 	0 	0 	
0.405 -1.05807e-13 	0 	0 	
0.415 -3.23299e-14 	0 	0 	
0.425 2.46339 	0 	0 	
0.435 13.4133 	0 	0 	
0.445 35.3858 	0 	0 	
0.455 63.9038 	0 	0 	
0.465 92.5246 	0 	0 	
0.475 115.458 	0 	0 	
0.485 127.976 	0 	0 	
0.495 130.568 	0 	0 	
0.505 129.541 	0 	0 	
0.515 129.093 	0 	0 	
0.525 129.432 	0 	0 	
0.535 130.854 	0 	0 	
0.545 131.628 	0 	0 	
0.555 128.026 	0 	0 	
0.565 111.787 	0 	0 	
0.575 73.4493 	-7.82858e-31 	0 	
0.585 28.6816 	0 	0 	
0.595 4.65528 	0 	0 	
0.605 -4.40863e-14 	0 	0 	
0.615 -3.96777e-14 	0 	0 	
0.625 -6.39251e-14 	0 	0 	
0.635 -7.49467e-14 	0 	0 	
0.645 -3.30647e-14 	0 	0 	
0.655 2.20432e-15 	0 	0 	
0.665 -4.40861e-15 	0 	0 	
0.675 -5.00016e-21 	0 	0 	
0.685 2.86561e-14 	0 	0 	
0.695 4.40863e-14 	0 	0 	
0.705 3.5269e-14 	0 	0 	
0.715 3.30647e-14 	0 	0 	
0.725 5.95165e-14 	0 	0 	
0.735 8.15596e-14 	0 	0 	
0.745 5.95165e-14 	0 	0 	
0.755 1.10216e-14 	0 	0 	
0.765 -1.98388e-14 	0 	0 	
0.775 -2.42475e-14 	0 	0 	
0.785 -2.42474e-14 	0 	0 	
0.795 -1.98388e-14 	0 	0 	
0.805 6.61295e-15 	0 	0 	
0.815 3.08604e-14 	-4.4051e-30 	0 	
0.825 2.64518e-14 	0 	0 	
0.835 1.32259e-14 	0 	0 	
0.845 1.54302e-14 	0 	0 	
0.855 2.64518e-14 	0 	0 	
0.865 1.98388e-14 	0 	0 	
0.875 -6.61293e-15 	0 	0 	
0.885 -2.42474e-14 	0 	0 	
0.895 -2.20431e-14 	0 	0 	
0.905 -3.08604e-14 	0 	0 	
0.915 -5.73122e-14 	0 	0 	
0.925 -5.06993e-14 	0 	0 	
0.935 4.40863e-15 	0 	0 	
0.945 5.73122e-14 	0 	0 	
0.955 6.17208e-14 	0 	0 	
0.965 2.64518e-14 	0 	0 	
0.975 -4.99995e-21 	0 	0 	
0.985 -2.20432e-15 	0 	0 	
0.995 -2.44728e-31 	0 	0 	
