0.005 2.79433e-14 	0 	0 	
0.015 4.70253e-14 	0 	0 	
0.025 7.64162e-14 	0 	0 	
0.035 9.11116e-14 	0 	0 	
0.045 7.05381e-14 	0 	0 	
0.055 3.5269e-14 	0 	0 	
0.065 2.05736e-14 	0 	0 	
0.075 9.99289e-14 	0 	0 	
0.085 5.61366e-13 	0 	0 	
0.095 2.75686e-12 	0 	0 	
0.105 1.28203e-11 	0 	0 	
0.115 5.74151e-11 	0 	0 	
0.125 2.48661e-10 	0 	0 	
0.135 1.04315e-09 	0 	0 	
0.145 4.23944e-09 	-8.15761e-31 	0 	
0.155 1.66842e-08 	0 	0 	
0.165 6.35506e-08 	0 	0 	
0.175 2.34156e-07 	0 	0 	
0.185 8.34063e-07 	0 	0 	
0.195 2.87018e-06 	0 	0 	
0.205 9.53511e-06 	0 	0 	
0.215 3.05573e-05 	0 	0 	
0.225 9.43875e-05 	3.26305e-31 	0 	
0.235 0.00028076 	1.63152e-30 	0 	
0.245 0.000803442 	6.52609e-31 	0 	
0.255 0.00220963 	0 	0 	
0.265 0.00583366 	0 	0 	
0.275 0.014767 	0 	0 	
0.285 0.0357939 	0 	0 	
0.295 0.082966 	0 	0 	
0.305 0.183633 	0 	0 	
0.315 0.387566 	0 	0 	
0.325 0.778932 	0 	0 	
0.335 1.48905 	0 	0 	
0.345 2.7052 	0 	0 	
0.355 4.66875 	0 	0 	
0.365 7.65584 	0 	0 	
0.375 11.9386 	0 	0 	
0.385 17.7321 	0 	0 	
0.395 25.1408 	0 	0 	
0.405 34.1196 	0 	0 	
0.415 44.4607 	0 	0 	
0.425 55.8075 	0 	0 	
0.435 67.6879 	0 	0 	
0.445 79.56 	0 	0 	
0.455 90.8641 	0 	0 	
0.465 101.081 	0 	0 	
0.475 109.797 	0 	0 	
0.485 116.766 	0 	0 	
0.495 121.948 	0 	0 	
0.505 125.502 	0 	0 	
0.515 127.732 	0 	0 	
0.525 128.987 	0 	0 	
0.535 129.568 	0 	0 	
0.545 129.641 	0 	0 	
0.555 129.176 	0 	0 	
0.565 127.904 	0 	0 	
0.575 125.297 	-9.80112e-31 	0 	
0.585 120.587 	-3.37119e-31 	0 	
0.595 112.879 	0 	0 	
0.605 101.437 	0 	0 	
0.615 86.1429 	0 	0 	
0.625 67.9775 	0 	0 	
0.635 49.1072 	0 	0 	
0.645 32.181 	0 	0 	
0.655 19.1239 	0 	0 	
0.665 10.3919 	0 	0 	
0.675 5.23291 	0 	0 	
0.685 2.47467 	0 	0 	
0.695 1.11033 	0 	0 	
0.705 0.475767 	0 	0 	
0.715 0.195433 	0 	0 	
0.725 0.0771266 	0 	0 	
0.735 0.0292809 	0 	0 	
0.745 0.0107036 	0 	0 	
0.755 0.00377012 	0 	0 	
0.765 0.00128038 	0 	0 	
0.775 0.000419522 	0 	0 	
0.785 0.000132696 	0 	0 	
0.795 4.05421e-05 	0 	0 	
0.805 1.19712e-05 	-2.44728e-31 	0 	
0.815 3.41819e-06 	-1.95783e-30 	0 	
0.825 9.44284e-07 	0 	0 	
0.835 2.52508e-07 	0 	0 	
0.845 6.53913e-08 	0 	0 	
0.855 1.6407e-08 	0 	0 	
0.865 3.99021e-09 	0 	0 	
0.875 9.41017e-10 	0 	0 	
0.885 2.15245e-10 	0 	0 	
0.895 4.77387e-11 	0 	0 	
0.905 1.02677e-11 	0 	0 	
0.915 2.14259e-12 	0 	0 	
0.925 4.23228e-13 	0 	0 	
0.935 8.15595e-14 	0 	0 	
0.945 3.96776e-14 	0 	0 	
0.955 3.96777e-14 	0 	0 	
0.965 2.20432e-14 	0 	0 	
0.975 4.40863e-15 	0 	0 	
0.985 0 	0 	0 	
0.995 0 	0 	0 	
