0.005 7.98964e-14 	0 	0 	
0.015 1.9398e-13 	0 	0 	
0.025 5.70182e-13 	0 	0 	
0.035 2.01621e-12 	0 	0 	
0.045 7.78563e-12 	0 	0 	
0.055 3.04607e-11 	0 	0 	
0.065 1.17073e-10 	0 	0 	
0.075 4.38992e-10 	0 	0 	
0.085 1.60364e-09 	0 	0 	
0.095 5.70322e-09 	0 	0 	
0.105 1.97381e-08 	0 	0 	
0.115 6.64469e-08 	0 	0 	
0.125 2.17485e-07 	0 	0 	
0.135 6.91749e-07 	0 	0 	
0.145 2.13699e-06 	-6.52608e-30 	0 	
0.155 6.40836e-06 	0 	0 	
0.165 1.86432e-05 	0 	0 	
0.175 5.25833e-05 	0 	0 	
0.185 0.000143692 	0 	0 	
0.195 0.000380155 	0 	0 	
0.205 0.000972975 	0 	0 	
0.215 0.00240712 	0 	0 	
0.225 0.00575144 	0 	0 	
0.235 0.0132599 	1.20737e-29 	0 	
0.245 0.02947 	0 	0 	
0.255 0.0630765 	0 	0 	
0.265 0.129891 	0 	0 	
0.275 0.257107 	0 	0 	
0.285 0.488774 	0 	0 	
0.295 0.891835 	0 	0 	
0.305 1.5613 	0 	0 	
0.315 2.62248 	0 	0 	
0.325 4.22828 	0 	0 	
0.335 6.55014 	0 	0 	
0.345 9.76321 	0 	0 	
0.355 14.028 	0 	0 	
0.365 19.4718 	0 	0 	
0.375 26.1732 	0 	0 	
0.385 34.1505 	0 	0 	
0.395 43.3539 	0 	0 	
0.405 53.6591 	0 	0 	
0.415 64.8571 	0 	0 	
0.425 76.6379 	0 	0 	
0.435 88.5664 	0 	0 	
0.445 100.06 	0 	0 	
0.455 110.396 	0 	0 	
0.465 118.816 	0 	0 	
0.475 124.767 	0 	0 	
0.485 128.214 	0 	0 	
0.495 129.73 	0 	0 	
0.505 130.182 	0 	0 	
0.515 130.252 	0 	0 	
0.525 130.245 	0 	0 	
0.535 130.231 	0 	0 	
0.545 130.206 	0 	0 	
0.555 130.152 	0 	0 	
0.565 130.023 	0 	0 	
0.575 129.72 	-3.11704e-30 	0 	
0.585 129.06 	-1.84198e-30 	0 	
0.595 127.736 	0 	0 	
0.605 125.281 	0 	0 	
0.615 121.071 	0 	0 	
0.625 114.386 	0 	0 	
0.635 104.573 	0 	0 	
0.645 91.3504 	0 	0 	
0.655 75.1841 	0 	0 	
0.665 57.5113 	0 	0 	
0.675 40.4748 	0 	0 	
0.685 26.1103 	0 	0 	
0.695 15.5012 	0 	0 	
0.705 8.55437 	0 	0 	
0.715 4.44212 	0 	0 	
0.725 2.1942 	0 	0 	
0.735 1.03904 	0 	0 	
0.745 0.474003 	0 	0 	
0.755 0.208905 	0 	0 	
0.765 0.0890894 	0 	0 	
0.775 0.0367977 	0 	0 	
0.785 0.0147299 	0 	0 	
0.795 0.0057171 	0 	0 	
0.805 0.00215244 	0 	0 	
0.815 0.000786405 	-1.17469e-29 	0 	
0.825 0.000278931 	0 	0 	
0.835 9.60862e-05 	0 	0 	
0.845 3.216e-05 	0 	0 	
0.855 1.04626e-05 	0 	0 	
0.865 3.30977e-06 	0 	0 	
0.875 1.01851e-06 	0 	0 	
0.885 3.05001e-07 	0 	0 	
0.895 8.89136e-08 	0 	0 	
0.905 2.52417e-08 	0 	0 	
0.915 6.98071e-09 	0 	0 	
0.925 1.88128e-09 	0 	0 	
0.935 4.94213e-10 	0 	0 	
0.945 1.26612e-10 	0 	0 	
0.955 3.16716e-11 	0 	0 	
0.965 7.77022e-12 	0 	0 	
0.975 1.88469e-12 	0 	0 	
0.985 4.54088e-13 	0 	0 	
0.995 1.0879e-13 	0 	0 	
