0.005 273.15 303975
0.015 273.15 303975
0.025 273.15 303975
0.035 273.15 303975
0.045 273.15 303975
0.055 273.15 303975
0.065 273.15 303975
0.075 273.15 303975
0.085 273.15 303975
0.095 273.15 303975
0.105 273.15 303975
0.115 273.15 303975
0.125 273.15 303975
0.135 273.15 303975
0.145 273.15 303975
0.155 273.15 303975
0.165 273.15 303975
0.175 273.15 303975
0.185 273.15 303975
0.195 273.15 303975
0.205 273.15 303974
0.215 273.149 303972
0.225 273.148 303968
0.235 273.146 303958
0.245 273.141 303937
0.255 273.13 303894
0.265 273.107 303808
0.275 273.065 303645
0.285 272.989 303349
0.295 272.857 302833
0.305 272.638 301979
0.315 272.29 300630
0.325 271.766 298598
0.335 271.012 295682
0.345 269.972 291689
0.355 268.6 286462
0.365 266.861 279905
0.375 264.737 272010
0.385 262.228 262858
0.395 259.359 252623
0.405 256.174 241563
0.415 252.744 230009
0.425 249.165 218356
0.435 245.57 207064
0.445 242.133 196646
0.455 239.068 187650
0.465 236.606 180576
0.475 234.924 175714
0.485 234.063 172953
0.495 234.026 171753
0.505 235.189 171396
0.515 238.592 171339
0.525 245.503 171342
0.535 256.438 171346
0.545 270.461 171344
0.555 285.331 171320
0.565 298.483 171245
0.575 308.198 171053
0.585 314.121 170624
0.595 316.903 169756
0.605 317.457 168151
0.615 316.438 165424
0.625 314.121 161173
0.635 310.528 155106
0.645 305.659 147243
0.655 299.727 138085
0.665 293.29 128608
0.675 287.158 119970
0.685 282.072 113052
0.695 278.384 108154
0.705 276.011 105045
0.715 274.626 103242
0.725 273.876 102268
0.735 273.493 101771
0.745 273.306 101528
0.755 273.219 101415
0.765 273.18 101363
0.775 273.162 101341
0.785 273.155 101331
0.795 273.152 101328
0.805 273.151 101326
0.815 273.15 101325
0.825 273.15 101325
0.835 273.15 101325
0.845 273.15 101325
0.855 273.15 101325
0.865 273.15 101325
0.875 273.15 101325
0.885 273.15 101325
0.895 273.15 101325
0.905 273.15 101325
0.915 273.15 101325
0.925 273.15 101325
0.935 273.15 101325
0.945 273.15 101325
0.955 273.15 101325
0.965 273.15 101325
0.975 273.15 101325
0.985 273.15 101325
0.995 273.15 101325
