0.005 1.86289e-14 	0 	0 	
0.015 2.35127e-14 	0 	0 	
0.025 2.93909e-14 	0 	0 	
0.035 3.233e-14 	0 	0 	
0.045 2.05736e-14 	0 	0 	
0.055 2.05736e-14 	0 	0 	
0.065 3.23299e-14 	0 	0 	
0.075 8.81728e-15 	0 	0 	
0.085 -1.46954e-14 	0 	0 	
0.095 1.46954e-14 	0 	0 	
0.105 4.11472e-14 	0 	0 	
0.115 2.64518e-14 	0 	0 	
0.125 -1.76345e-14 	0 	0 	
0.135 -7.3477e-14 	0 	0 	
0.145 -1.17563e-13 	-2.44728e-30 	0 	
0.155 -1.55771e-13 	0 	0 	
0.165 -1.82223e-13 	0 	0 	
0.175 -1.49893e-13 	0 	0 	
0.185 -6.17208e-14 	0 	0 	
0.195 2.35127e-14 	0 	0 	
0.205 6.46599e-14 	0 	0 	
0.215 5.29036e-14 	0 	0 	
0.225 3.82081e-14 	0 	0 	
0.235 4.40863e-14 	4.89455e-30 	0 	
0.245 3.23299e-14 	0 	0 	
0.255 1.46954e-14 	0 	0 	
0.265 1.76345e-14 	0 	0 	
0.275 3.5269e-14 	0 	0 	
0.285 6.7599e-14 	0 	0 	
0.295 9.99288e-14 	0 	0 	
0.305 1.02868e-13 	0 	0 	
0.315 7.34771e-14 	0 	0 	
0.325 4.70254e-14 	0 	0 	
0.335 2.64518e-14 	0 	0 	
0.345 -1.76345e-14 	0 	0 	
0.355 -6.17208e-14 	0 	0 	
0.365 -8.22944e-14 	0 	0 	
0.375 -9.40507e-14 	0 	0 	
0.385 -9.69898e-14 	0 	0 	
0.395 -9.69897e-14 	0 	0 	
0.405 -7.93551e-14 	0 	0 	
0.415 -2.35126e-14 	0 	0 	
0.425 1.76345e-14 	0 	0 	
0.435 2.65275 	0 	0 	
0.445 14.7481 	0 	0 	
0.455 39.4228 	0 	0 	
0.465 71.2314 	0 	0 	
0.475 101.806 	0 	0 	
0.485 122.379 	0 	0 	
0.495 129.268 	0 	0 	
0.505 129.461 	0 	0 	
0.515 130.348 	0 	0 	
0.525 131.42 	0 	0 	
0.535 130.966 	0 	0 	
0.545 126.06 	0 	0 	
0.555 104.276 	0 	0 	
0.565 60.7382 	0 	0 	
0.575 19.3128 	0 	0 	
0.585 2.01371 	0 	0 	
0.595 -6.39251e-14 	0 	0 	
0.605 -2.42475e-14 	0 	0 	
0.615 -1.54302e-14 	0 	0 	
0.625 -5.06992e-14 	0 	0 	
0.635 -6.17208e-14 	0 	0 	
0.645 -1.76345e-14 	0 	0 	
0.655 4.40861e-15 	0 	0 	
0.665 -1.98388e-14 	0 	0 	
0.675 -2.42475e-14 	0 	0 	
0.685 1.10216e-14 	0 	0 	
0.695 5.29036e-14 	0 	0 	
0.705 5.51079e-14 	0 	0 	
0.715 3.74734e-14 	0 	0 	
0.725 5.51079e-14 	0 	0 	
0.735 6.61295e-14 	0 	0 	
0.745 3.52691e-14 	0 	0 	
0.755 1.63283e-25 	0 	0 	
0.765 -1.98388e-14 	0 	0 	
0.775 -2.42475e-14 	0 	0 	
0.785 -2.42474e-14 	0 	0 	
0.795 -1.98388e-14 	0 	0 	
0.805 6.61295e-15 	0 	0 	
0.815 3.08604e-14 	-3.67093e-30 	0 	
0.825 2.64518e-14 	0 	0 	
0.835 1.32259e-14 	0 	0 	
0.845 8.81726e-15 	0 	0 	
0.855 1.32259e-14 	0 	0 	
0.865 1.32259e-14 	0 	0 	
0.875 -4.40863e-15 	0 	0 	
0.885 -1.54302e-14 	0 	0 	
0.895 -1.10216e-14 	0 	0 	
0.905 -2.42474e-14 	0 	0 	
0.915 -4.84949e-14 	0 	0 	
0.925 -4.1882e-14 	0 	0 	
0.935 2.2043e-15 	0 	0 	
0.945 4.84949e-14 	0 	0 	
0.955 5.51079e-14 	0 	0 	
0.965 2.42475e-14 	0 	0 	
0.975 -4.99995e-21 	0 	0 	
0.985 -2.20432e-15 	0 	0 	
0.995 -2.44728e-31 	0 	0 	
