0.005 3.62634e-14 	0 	0 	
0.015 7.64163e-14 	0 	0 	
0.025 8.81726e-14 	0 	0 	
0.035 8.52335e-14 	0 	0 	
0.045 9.40507e-14 	0 	0 	
0.055 8.52335e-14 	0 	0 	
0.065 4.99645e-14 	0 	0 	
0.075 -2.49996e-20 	0 	0 	
0.085 -4.11472e-14 	0 	0 	
0.095 -6.17208e-14 	0 	0 	
0.105 -7.93553e-14 	0 	0 	
0.115 -6.7599e-14 	0 	0 	
0.125 -4.11472e-14 	0 	0 	
0.135 -5.58426e-14 	0 	0 	
0.145 -8.52334e-14 	-6.36293e-30 	0 	
0.155 -9.40507e-14 	0 	0 	
0.165 -1.11685e-13 	0 	0 	
0.175 -1.35198e-13 	0 	0 	
0.185 -1.26381e-13 	0 	0 	
0.195 -8.52336e-14 	0 	0 	
0.205 -3.52691e-14 	0 	0 	
0.215 -5.87818e-15 	0 	0 	
0.225 5.87817e-15 	0 	0 	
0.235 3.23299e-14 	1.27259e-29 	0 	
0.245 5.29036e-14 	0 	0 	
0.255 6.46599e-14 	0 	0 	
0.265 1.05807e-13 	0 	0 	
0.275 1.20503e-13 	0 	0 	
0.285 8.22944e-14 	0 	0 	
0.295 5.87817e-14 	0 	0 	
0.305 5.87818e-14 	0 	0 	
0.315 4.40863e-14 	0 	0 	
0.325 -2.49996e-20 	0 	0 	
0.335 -6.7599e-14 	0 	0 	
0.345 0.0266787 	0 	0 	
0.355 1.64115 	0 	0 	
0.365 8.15165 	0 	0 	
0.375 20.4829 	0 	0 	
0.385 36.252 	0 	0 	
0.395 53.3279 	0 	0 	
0.405 70.7792 	0 	0 	
0.415 87.865 	0 	0 	
0.425 103.531 	0 	0 	
0.435 116.319 	0 	0 	
0.445 124.841 	0 	0 	
0.455 128.896 	0 	0 	
0.465 130.096 	0 	0 	
0.475 130.368 	0 	0 	
0.485 130.435 	0 	0 	
0.495 130.365 	0 	0 	
0.505 130.19 	0 	0 	
0.515 129.939 	0 	0 	
0.525 129.787 	0 	0 	
0.535 129.862 	0 	0 	
0.545 130.148 	0 	0 	
0.555 130.493 	0 	0 	
0.565 130.634 	0 	0 	
0.575 130.587 	-3.37861e-30 	0 	
0.585 130.421 	-2.70595e-30 	0 	
0.595 129.935 	0 	0 	
0.605 129.452 	0 	0 	
0.615 129.603 	0 	0 	
0.625 129.63 	0 	0 	
0.635 128.847 	0 	0 	
0.645 124.742 	0 	0 	
0.655 106.24 	0 	0 	
0.665 66.1879 	0 	0 	
0.675 23.9405 	0 	0 	
0.685 3.41028 	0 	0 	
0.695 7.27425e-14 	0 	0 	
0.705 6.83337e-14 	0 	0 	
0.715 8.81725e-14 	0 	0 	
0.725 9.69898e-14 	0 	0 	
0.735 8.37639e-14 	0 	0 	
0.745 4.1882e-14 	0 	0 	
0.755 -2.2043e-15 	0 	0 	
0.765 -1.10216e-14 	0 	0 	
0.775 4.40863e-15 	0 	0 	
0.785 1.98388e-14 	0 	0 	
0.795 3.30647e-14 	0 	0 	
0.805 5.06992e-14 	0 	0 	
0.815 6.17208e-14 	-9.54439e-30 	0 	
0.825 4.40863e-14 	0 	0 	
0.835 1.98388e-14 	0 	0 	
0.845 2.64518e-14 	0 	0 	
0.855 5.29035e-14 	0 	0 	
0.865 5.73122e-14 	0 	0 	
0.875 1.76345e-14 	0 	0 	
0.885 -4.1882e-14 	0 	0 	
0.895 -7.05381e-14 	0 	0 	
0.905 -6.83338e-14 	0 	0 	
0.915 -6.83337e-14 	0 	0 	
0.925 -4.84949e-14 	0 	0 	
0.935 8.81725e-15 	0 	0 	
0.945 6.17208e-14 	0 	0 	
0.955 6.39251e-14 	0 	0 	
0.965 2.64518e-14 	0 	0 	
0.975 -4.99995e-21 	0 	0 	
0.985 -2.20432e-15 	0 	0 	
0.995 -2.44728e-31 	0 	0 	
