0.005 2.79433e-14 	0 	0 	
0.015 4.70253e-14 	0 	0 	
0.025 7.93552e-14 	0 	0 	
0.035 9.99287e-14 	0 	0 	
0.045 8.22943e-14 	0 	0 	
0.055 6.17208e-14 	0 	0 	
0.065 5.87818e-14 	0 	0 	
0.075 1.14624e-13 	0 	0 	
0.085 5.11401e-13 	0 	0 	
0.095 2.48647e-12 	0 	0 	
0.105 1.15506e-11 	0 	0 	
0.115 5.15898e-11 	0 	0 	
0.125 2.2288e-10 	0 	0 	
0.135 9.32699e-10 	0 	0 	
0.145 3.7808e-09 	-4.73142e-30 	0 	
0.155 1.48398e-08 	0 	0 	
0.165 5.63709e-08 	0 	0 	
0.175 2.07117e-07 	0 	0 	
0.185 7.35607e-07 	0 	0 	
0.195 2.5238e-06 	0 	0 	
0.205 8.35853e-06 	0 	0 	
0.215 2.67014e-05 	0 	0 	
0.225 8.22063e-05 	0 	0 	
0.235 0.000243697 	1.10943e-29 	0 	
0.245 0.000694942 	0 	0 	
0.255 0.00190435 	0 	0 	
0.265 0.00500903 	0 	0 	
0.275 0.0126313 	0 	0 	
0.285 0.0304985 	0 	0 	
0.295 0.0704153 	0 	0 	
0.305 0.155252 	0 	0 	
0.315 0.32646 	0 	0 	
0.325 0.65398 	0 	0 	
0.335 1.24705 	0 	0 	
0.345 2.26271 	0 	0 	
0.355 3.9075 	0 	0 	
0.365 6.42831 	0 	0 	
0.375 10.0909 	0 	0 	
0.385 15.1493 	0 	0 	
0.395 21.8112 	0 	0 	
0.405 30.2068 	0 	0 	
0.415 40.3622 	0 	0 	
0.425 52.174 	0 	0 	
0.435 65.3763 	0 	0 	
0.445 79.4859 	0 	0 	
0.455 93.7223 	0 	0 	
0.465 106.945 	0 	0 	
0.475 117.767 	0 	0 	
0.485 125.078 	0 	0 	
0.495 128.798 	0 	0 	
0.505 130.039 	0 	0 	
0.515 130.226 	0 	0 	
0.525 130.172 	0 	0 	
0.535 130.054 	0 	0 	
0.545 129.794 	0 	0 	
0.555 129.203 	0 	0 	
0.565 127.927 	0 	0 	
0.575 125.393 	-2.72475e-30 	0 	
0.585 120.806 	-1.73332e-30 	0 	
0.595 113.252 	0 	0 	
0.605 101.967 	0 	0 	
0.615 86.7994 	0 	0 	
0.625 68.6869 	0 	0 	
0.635 49.7708 	0 	0 	
0.645 32.7136 	0 	0 	
0.655 19.4911 	0 	0 	
0.665 10.6124 	0 	0 	
0.675 5.35094 	0 	0 	
0.685 2.53248 	0 	0 	
0.695 1.13675 	0 	0 	
0.705 0.487186 	0 	0 	
0.715 0.200137 	0 	0 	
0.725 0.0789818 	0 	0 	
0.735 0.0299829 	0 	0 	
0.745 0.0109589 	0 	0 	
0.755 0.00385941 	0 	0 	
0.765 0.00131047 	0 	0 	
0.775 0.000429289 	0 	0 	
0.785 0.000135754 	0 	0 	
0.795 4.14661e-05 	0 	0 	
0.805 1.22409e-05 	0 	0 	
0.815 3.49423e-06 	-9.54439e-30 	0 	
0.825 9.65019e-07 	0 	0 	
0.835 2.57978e-07 	0 	0 	
0.845 6.67879e-08 	0 	0 	
0.855 1.67524e-08 	0 	0 	
0.865 4.07292e-09 	0 	0 	
0.875 9.60192e-10 	0 	0 	
0.885 2.19572e-10 	0 	0 	
0.895 4.87087e-11 	0 	0 	
0.905 1.04793e-11 	0 	0 	
0.915 2.17566e-12 	0 	0 	
0.925 4.25433e-13 	0 	0 	
0.935 1.01398e-13 	0 	0 	
0.945 6.17208e-14 	0 	0 	
0.955 3.08604e-14 	0 	0 	
0.965 4.40863e-15 	0 	0 	
0.975 0 	0 	0 	
0.985 0 	0 	0 	
0.995 0 	0 	0 	
