0.005 2.15679e-14 	0 	0 	
0.015 3.82081e-14 	0 	0 	
0.025 6.75988e-14 	0 	0 	
0.035 8.52333e-14 	0 	0 	
0.045 5.29035e-14 	0 	0 	
0.055 1.76345e-14 	0 	0 	
0.065 5.87818e-15 	0 	0 	
0.075 -1.46954e-14 	0 	0 	
0.085 -2.05736e-14 	0 	0 	
0.095 8.81725e-15 	0 	0 	
0.105 2.93908e-14 	0 	0 	
0.115 1.76345e-14 	0 	0 	
0.125 -1.17563e-14 	0 	0 	
0.135 -7.64163e-14 	0 	0 	
0.145 -1.46954e-13 	-2.44728e-30 	0 	
0.155 -1.55772e-13 	0 	0 	
0.165 -1.26381e-13 	0 	0 	
0.175 -8.81727e-14 	0 	0 	
0.185 -2.64518e-14 	0 	0 	
0.195 1.14624e-13 	0 	0 	
0.205 8.05309e-13 	0 	0 	
0.215 5.54018e-12 	0 	0 	
0.225 3.76702e-11 	0 	0 	
0.235 2.44523e-10 	4.89455e-30 	0 	
0.245 1.50733e-09 	0 	0 	
0.255 8.81306e-09 	0 	0 	
0.265 4.88386e-08 	0 	0 	
0.275 2.56343e-07 	0 	0 	
0.285 1.27335e-06 	0 	0 	
0.295 5.98017e-06 	0 	0 	
0.305 2.65228e-05 	0 	0 	
0.315 0.000110936 	0 	0 	
0.325 0.000436911 	0 	0 	
0.335 0.00161729 	0 	0 	
0.345 0.00561513 	0 	0 	
0.355 0.0182427 	0 	0 	
0.365 0.0553153 	0 	0 	
0.375 0.156106 	0 	0 	
0.385 0.408882 	0 	0 	
0.395 0.991522 	0 	0 	
0.405 2.22223 	0 	0 	
0.415 4.60107 	0 	0 	
0.425 8.81113 	0 	0 	
0.435 15.6517 	0 	0 	
0.445 25.8984 	0 	0 	
0.455 40.1023 	0 	0 	
0.465 58.3088 	0 	0 	
0.475 79.5937 	0 	0 	
0.485 101.248 	0 	0 	
0.495 118.48 	0 	0 	
0.505 127.36 	0 	0 	
0.515 128.865 	0 	0 	
0.525 126.343 	0 	0 	
0.535 120.266 	0 	0 	
0.545 108.936 	0 	0 	
0.555 91.4608 	0 	0 	
0.565 69.2061 	0 	0 	
0.575 46.0472 	-6.45037e-31 	0 	
0.585 26.5564 	0 	0 	
0.595 13.2886 	0 	0 	
0.605 5.85884 	0 	0 	
0.615 2.32564 	0 	0 	
0.625 0.84663 	0 	0 	
0.635 0.28604 	0 	0 	
0.645 0.0902885 	0 	0 	
0.655 0.0267266 	0 	0 	
0.665 0.00743701 	0 	0 	
0.675 0.00194879 	0 	0 	
0.685 0.000481595 	0 	0 	
0.695 0.000112384 	0 	0 	
0.705 2.4793e-05 	0 	0 	
0.715 5.1759e-06 	0 	0 	
0.725 1.02341e-06 	0 	0 	
0.735 1.91798e-07 	0 	0 	
0.745 3.40906e-08 	0 	0 	
0.755 5.74956e-09 	0 	0 	
0.765 9.20461e-10 	0 	0 	
0.775 1.39908e-10 	0 	0 	
0.785 2.01761e-11 	0 	0 	
0.795 2.74658e-12 	0 	0 	
0.805 3.70325e-13 	0 	0 	
0.815 8.15595e-14 	-3.67093e-30 	0 	
0.825 2.86561e-14 	0 	0 	
0.835 4.40863e-15 	0 	0 	
0.845 0 	0 	0 	
0.855 0 	0 	0 	
0.865 -8.81725e-15 	0 	0 	
0.875 -1.10216e-14 	0 	0 	
0.885 6.61296e-15 	0 	0 	
0.895 1.10216e-14 	0 	0 	
0.905 5.43285e-26 	0 	0 	
0.915 -1.54302e-14 	0 	0 	
0.925 -2.42475e-14 	0 	0 	
0.935 -2.71409e-25 	0 	0 	
0.945 2.42475e-14 	0 	0 	
0.955 1.54302e-14 	0 	0 	
0.965 2.20432e-15 	0 	0 	
0.975 0 	0 	0 	
0.985 0 	0 	0 	
0.995 0 	0 	0 	
