0.005 273.15 303975
0.015 273.15 303975
0.025 273.15 303975
0.035 273.15 303975
0.045 273.15 303975
0.055 273.15 303975
0.065 273.15 303975
0.075 273.15 303975
0.085 273.15 303975
0.095 273.15 303975
0.105 273.15 303975
0.115 273.15 303975
0.125 273.15 303975
0.135 273.15 303975
0.145 273.15 303975
0.155 273.15 303975
0.165 273.15 303975
0.175 273.15 303975
0.185 273.15 303975
0.195 273.15 303975
0.205 273.15 303975
0.215 273.15 303975
0.225 273.15 303975
0.235 273.15 303975
0.245 273.15 303975
0.255 273.15 303975
0.265 273.15 303975
0.275 273.15 303975
0.285 273.15 303975
0.295 273.15 303975
0.305 273.15 303975
0.315 273.15 303975
0.325 273.15 303975
0.335 273.15 303975
0.345 273.15 303975
0.355 273.15 303975
0.365 273.15 303975
0.375 273.15 303973
0.385 273.148 303967
0.395 273.141 303940
0.405 273.117 303845
0.415 273.039 303543
0.425 272.82 302688
0.435 272.274 300552
0.445 271.077 295863
0.455 268.774 286852
0.465 264.884 271728
0.475 259.128 249682
0.485 252.073 222352
0.495 249.718 195161
0.505 261.184 175757
0.515 282.562 164889
0.525 297.78 154551
0.535 298.971 140527
0.545 291.397 125712
0.555 282.951 113923
0.565 277.391 106751
0.575 274.697 103315
0.585 273.644 101964
0.595 273.291 101508
0.605 273.187 101373
0.615 273.159 101336
0.625 273.152 101327
0.635 273.15 101325
0.645 273.15 101325
0.655 273.15 101325
0.665 273.15 101325
0.675 273.15 101325
0.685 273.15 101325
0.695 273.15 101325
0.705 273.15 101325
0.715 273.15 101325
0.725 273.15 101325
0.735 273.15 101325
0.745 273.15 101325
0.755 273.15 101325
0.765 273.15 101325
0.775 273.15 101325
0.785 273.15 101325
0.795 273.15 101325
0.805 273.15 101325
0.815 273.15 101325
0.825 273.15 101325
0.835 273.15 101325
0.845 273.15 101325
0.855 273.15 101325
0.865 273.15 101325
0.875 273.15 101325
0.885 273.15 101325
0.895 273.15 101325
0.905 273.15 101325
0.915 273.15 101325
0.925 273.15 101325
0.935 273.15 101325
0.945 273.15 101325
0.955 273.15 101325
0.965 273.15 101325
0.975 273.15 101325
0.985 273.15 101325
0.995 273.15 101325
