0.005 5.87817e-15 	0 	0 	
0.015 1.76345e-14 	0 	0 	
0.025 2.93909e-14 	0 	0 	
0.035 2.93909e-14 	0 	0 	
0.045 2.05736e-14 	0 	0 	
0.055 1.17563e-14 	0 	0 	
0.065 -1.76345e-14 	0 	0 	
0.075 -3.82081e-14 	0 	0 	
0.085 -1.46954e-14 	0 	0 	
0.095 2.93909e-14 	0 	0 	
0.105 5.87817e-14 	0 	0 	
0.115 5.58427e-14 	0 	0 	
0.125 2.35127e-14 	0 	0 	
0.135 -4.70253e-14 	0 	0 	
0.145 -1.11685e-13 	-1.46837e-30 	0 	
0.155 -1.14624e-13 	0 	0 	
0.165 -8.22943e-14 	0 	0 	
0.175 -4.40863e-14 	0 	0 	
0.185 -5.87818e-15 	0 	0 	
0.195 2.35127e-14 	0 	0 	
0.205 3.5269e-14 	0 	0 	
0.215 2.64518e-14 	0 	0 	
0.225 2.05736e-14 	0 	0 	
0.235 2.35127e-14 	2.93674e-30 	0 	
0.245 1.76345e-14 	0 	0 	
0.255 3.5269e-14 	0 	0 	
0.265 3.40935e-13 	0 	0 	
0.275 3.86196e-12 	0 	0 	
0.285 4.12852e-11 	0 	0 	
0.295 4.04124e-10 	0 	0 	
0.305 3.62303e-09 	0 	0 	
0.315 2.97902e-08 	0 	0 	
0.325 2.24866e-07 	0 	0 	
0.335 1.55883e-06 	0 	0 	
0.345 9.92308e-06 	0 	0 	
0.355 5.79649e-05 	0 	0 	
0.365 0.000310317 	0 	0 	
0.375 0.00151967 	0 	0 	
0.385 0.00679029 	0 	0 	
0.395 0.0275942 	0 	0 	
0.405 0.101591 	0 	0 	
0.415 0.33741 	0 	0 	
0.425 1.00686 	0 	0 	
0.435 2.69175 	0 	0 	
0.445 6.44262 	0 	0 	
0.455 13.8338 	0 	0 	
0.465 26.7573 	0 	0 	
0.475 46.7768 	0 	0 	
0.485 73.6664 	0 	0 	
0.495 102.128 	0 	0 	
0.505 120.043 	0 	0 	
0.515 119.43 	0 	0 	
0.525 104.01 	0 	0 	
0.535 79.6198 	0 	0 	
0.545 51.7727 	0 	0 	
0.555 27.8664 	0 	0 	
0.565 12.362 	0 	0 	
0.575 4.60777 	0 	0 	
0.585 1.48886 	0 	0 	
0.595 0.428051 	0 	0 	
0.605 0.111175 	0 	0 	
0.615 0.0262871 	0 	0 	
0.625 0.00568207 	0 	0 	
0.635 0.00112569 	0 	0 	
0.645 0.000204762 	0 	0 	
0.655 3.42391e-05 	0 	0 	
0.665 5.26695e-06 	0 	0 	
0.675 7.45546e-07 	0 	0 	
0.685 9.70909e-08 	0 	0 	
0.695 1.16244e-08 	0 	0 	
0.705 1.27803e-09 	0 	0 	
0.715 1.28822e-10 	0 	0 	
0.725 1.18879e-11 	0 	0 	
0.735 1.00296e-12 	0 	0 	
0.745 8.15598e-14 	0 	0 	
0.755 4.40863e-15 	0 	0 	
0.765 -6.61294e-15 	0 	0 	
0.775 4.99995e-21 	0 	0 	
0.785 -2.20431e-15 	0 	0 	
0.795 -8.81725e-15 	0 	0 	
0.805 2.20432e-15 	0 	0 	
0.815 1.32259e-14 	-2.20255e-30 	0 	
0.825 6.61295e-15 	0 	0 	
0.835 0 	0 	0 	
0.845 0 	0 	0 	
0.855 -8.81725e-15 	0 	0 	
0.865 -2.42474e-14 	0 	0 	
0.875 -1.76345e-14 	0 	0 	
0.885 1.10215e-14 	0 	0 	
0.895 2.42474e-14 	0 	0 	
0.905 2.20431e-15 	0 	0 	
0.915 -2.64518e-14 	0 	0 	
0.925 -2.64518e-14 	0 	0 	
0.935 -2.20433e-15 	0 	0 	
0.945 1.98388e-14 	0 	0 	
0.955 1.54302e-14 	0 	0 	
0.965 4.40862e-15 	0 	0 	
0.975 1.10216e-14 	0 	0 	
0.985 1.32259e-14 	0 	0 	
0.995 4.40863e-15 	0 	0 	
