0.005 3.62634e-14 	0 	0 	
0.015 7.64163e-14 	0 	0 	
0.025 8.52335e-14 	0 	0 	
0.035 7.64162e-14 	0 	0 	
0.045 7.93553e-14 	0 	0 	
0.055 7.05381e-14 	0 	0 	
0.065 3.82082e-14 	0 	0 	
0.075 -5.87815e-15 	0 	0 	
0.085 -3.82081e-14 	0 	0 	
0.095 -5.29036e-14 	0 	0 	
0.105 -5.87817e-14 	0 	0 	
0.115 -4.70254e-14 	0 	0 	
0.125 -3.5269e-14 	0 	0 	
0.135 -5.29036e-14 	0 	0 	
0.145 -8.22944e-14 	-6.03663e-30 	0 	
0.155 -9.69898e-14 	0 	0 	
0.165 -1.14624e-13 	0 	0 	
0.175 -1.44015e-13 	0 	0 	
0.185 -1.41076e-13 	0 	0 	
0.195 -9.11117e-14 	0 	0 	
0.205 -4.70254e-14 	0 	0 	
0.215 -3.23299e-14 	0 	0 	
0.225 -1.46954e-14 	0 	0 	
0.235 3.23299e-14 	1.20733e-29 	0 	
0.245 7.34771e-14 	0 	0 	
0.255 9.11116e-14 	0 	0 	
0.265 1.23441e-13 	0 	0 	
0.275 1.32259e-13 	0 	0 	
0.285 9.40506e-14 	0 	0 	
0.295 6.7599e-14 	0 	0 	
0.305 6.17208e-14 	0 	0 	
0.315 4.70254e-14 	0 	0 	
0.325 2.05736e-14 	0 	0 	
0.335 -3.233e-14 	0 	0 	
0.345 -1.02868e-13 	0 	0 	
0.355 0.26436 	0 	0 	
0.365 3.20922 	0 	0 	
0.375 12.1445 	0 	0 	
0.385 26.5934 	0 	0 	
0.395 43.6995 	0 	0 	
0.405 61.7476 	0 	0 	
0.415 79.8406 	0 	0 	
0.425 96.9694 	0 	0 	
0.435 111.675 	0 	0 	
0.445 122.205 	0 	0 	
0.455 127.832 	0 	0 	
0.465 129.979 	0 	0 	
0.475 130.593 	0 	0 	
0.485 130.551 	0 	0 	
0.495 130.236 	0 	0 	
0.505 129.93 	0 	0 	
0.515 129.756 	0 	0 	
0.525 129.808 	0 	0 	
0.535 130.107 	0 	0 	
0.545 130.471 	0 	0 	
0.555 130.687 	0 	0 	
0.565 130.642 	0 	0 	
0.575 130.345 	-3.37976e-30 	0 	
0.585 129.986 	-2.7081e-30 	0 	
0.595 129.613 	0 	0 	
0.605 129.289 	0 	0 	
0.615 129.619 	0 	0 	
0.625 129.625 	0 	0 	
0.635 126.066 	0 	0 	
0.645 110.561 	0 	0 	
0.655 73.6214 	0 	0 	
0.665 29.5827 	0 	0 	
0.675 5.05075 	0 	0 	
0.685 3.08604e-14 	0 	0 	
0.695 5.51079e-14 	0 	0 	
0.705 7.49467e-14 	0 	0 	
0.715 9.03769e-14 	0 	0 	
0.725 9.47855e-14 	0 	0 	
0.735 8.15596e-14 	0 	0 	
0.745 4.62906e-14 	0 	0 	
0.755 2.20433e-15 	0 	0 	
0.765 -1.10216e-14 	0 	0 	
0.775 4.40863e-15 	0 	0 	
0.785 1.76345e-14 	0 	0 	
0.795 2.86561e-14 	0 	0 	
0.805 4.84949e-14 	0 	0 	
0.815 5.95165e-14 	-9.05493e-30 	0 	
0.825 3.96776e-14 	0 	0 	
0.835 1.76345e-14 	0 	0 	
0.845 2.64518e-14 	0 	0 	
0.855 5.29035e-14 	0 	0 	
0.865 5.73122e-14 	0 	0 	
0.875 1.32259e-14 	0 	0 	
0.885 -4.84949e-14 	0 	0 	
0.895 -6.83338e-14 	0 	0 	
0.905 -5.95165e-14 	0 	0 	
0.915 -6.17208e-14 	0 	0 	
0.925 -4.62906e-14 	0 	0 	
0.935 6.61295e-15 	0 	0 	
0.945 5.73122e-14 	0 	0 	
0.955 6.17208e-14 	0 	0 	
0.965 2.64518e-14 	0 	0 	
0.975 -4.99995e-21 	0 	0 	
0.985 -2.20432e-15 	0 	0 	
0.995 -2.44728e-31 	0 	0 	
