0.005 273.15 303975
0.015 273.15 303975
0.025 273.15 303975
0.035 273.15 303975
0.045 273.15 303975
0.055 273.15 303975
0.065 273.15 303975
0.075 273.15 303975
0.085 273.15 303975
0.095 273.15 303975
0.105 273.15 303975
0.115 273.15 303975
0.125 273.15 303975
0.135 273.15 303975
0.145 273.15 303975
0.155 273.15 303975
0.165 273.15 303975
0.175 273.15 303975
0.185 273.15 303975
0.195 273.15 303975
0.205 273.15 303975
0.215 273.15 303975
0.225 273.15 303975
0.235 273.15 303975
0.245 273.15 303975
0.255 273.15 303975
0.265 273.15 303975
0.275 273.15 303975
0.285 273.15 303975
0.295 273.15 303975
0.305 273.15 303975
0.315 273.15 303975
0.325 273.15 303975
0.335 273.15 303975
0.345 273.15 303975
0.355 273.064 303637
0.365 272.099 299921
0.375 269.186 288913
0.385 264.502 271775
0.395 258.999 252538
0.405 253.25 233476
0.415 247.55 215590
0.425 242.21 199708
0.435 237.679 186849
0.445 234.418 177975
0.455 232.661 173247
0.465 232.085 171639
0.475 232.015 171534
0.485 232.107 171713
0.495 232.193 171680
0.505 232.16 171449
0.515 232.386 171267
0.525 234.724 171290
0.535 244.09 171507
0.545 264.34 171786
0.555 290.596 171910
0.565 310.82 171880
0.575 318.764 171754
0.585 319.546 171408
0.595 319.132 171090
0.605 318.967 171210
0.615 318.862 171269
0.625 318.631 170931
0.635 317.6 169046
0.645 312.188 159582
0.655 299.041 138401
0.665 283.528 115406
0.675 274.908 103567
0.685 273.15 101325
0.695 273.15 101325
0.705 273.15 101325
0.715 273.15 101325
0.725 273.15 101325
0.735 273.15 101325
0.745 273.15 101325
0.755 273.15 101325
0.765 273.15 101325
0.775 273.15 101325
0.785 273.15 101325
0.795 273.15 101325
0.805 273.15 101325
0.815 273.15 101325
0.825 273.15 101325
0.835 273.15 101325
0.845 273.15 101325
0.855 273.15 101325
0.865 273.15 101325
0.875 273.15 101325
0.885 273.15 101325
0.895 273.15 101325
0.905 273.15 101325
0.915 273.15 101325
0.925 273.15 101325
0.935 273.15 101325
0.945 273.15 101325
0.955 273.15 101325
0.965 273.15 101325
0.975 273.15 101325
0.985 273.15 101325
0.995 273.15 101325
