0.005 273.15 303975
0.015 273.15 303975
0.025 273.15 303975
0.035 273.15 303975
0.045 273.15 303975
0.055 273.15 303975
0.065 273.15 303975
0.075 273.15 303975
0.085 273.15 303975
0.095 273.15 303975
0.105 273.15 303975
0.115 273.15 303975
0.125 273.15 303975
0.135 273.15 303975
0.145 273.15 303975
0.155 273.15 303975
0.165 273.15 303975
0.175 273.15 303975
0.185 273.15 303975
0.195 273.15 303975
0.205 273.15 303975
0.215 273.15 303975
0.225 273.15 303975
0.235 273.15 303975
0.245 273.15 303975
0.255 273.15 303975
0.265 273.15 303975
0.275 273.15 303975
0.285 273.15 303975
0.295 273.15 303975
0.305 273.15 303975
0.315 273.15 303975
0.325 273.15 303975
0.335 273.15 303975
0.345 273.15 303975
0.355 273.15 303975
0.365 273.15 303975
0.375 273.107 303799
0.385 272.297 300638
0.395 269.471 289916
0.405 264.526 271813
0.415 258.477 250727
0.425 252.155 229906
0.435 246.029 210880
0.445 240.525 194718
0.455 236.093 182406
0.465 233.205 174981
0.475 231.862 172017
0.485 231.39 171209
0.495 231.384 171045
0.505 232.587 171161
0.515 237.318 171356
0.525 248.017 171542
0.535 264.716 171641
0.545 284.445 171608
0.555 302.34 171438
0.565 314.088 171276
0.575 319.007 171326
0.585 320.03 171542
0.595 319.895 171482
0.605 318.61 169670
0.615 313.031 160680
0.625 299.877 139793
0.635 284.105 116214
0.645 275.083 103747
0.655 273.15 101325
0.665 273.15 101325
0.675 273.15 101325
0.685 273.15 101325
0.695 273.15 101325
0.705 273.15 101325
0.715 273.15 101325
0.725 273.15 101325
0.735 273.15 101325
0.745 273.15 101325
0.755 273.15 101325
0.765 273.15 101325
0.775 273.15 101325
0.785 273.15 101325
0.795 273.15 101325
0.805 273.15 101325
0.815 273.15 101325
0.825 273.15 101325
0.835 273.15 101325
0.845 273.15 101325
0.855 273.15 101325
0.865 273.15 101325
0.875 273.15 101325
0.885 273.15 101325
0.895 273.15 101325
0.905 273.15 101325
0.915 273.15 101325
0.925 273.15 101325
0.935 273.15 101325
0.945 273.15 101325
0.955 273.15 101325
0.965 273.15 101325
0.975 273.15 101325
0.985 273.15 101325
0.995 273.15 101325
