0.005 2.15679e-14 	0 	0 	
0.015 3.82081e-14 	0 	0 	
0.025 6.46598e-14 	0 	0 	
0.035 8.22944e-14 	0 	0 	
0.045 5.58426e-14 	0 	0 	
0.055 2.05736e-14 	0 	0 	
0.065 2.9391e-15 	0 	0 	
0.075 -2.35127e-14 	0 	0 	
0.085 -2.64518e-14 	0 	0 	
0.095 1.17563e-14 	0 	0 	
0.105 3.233e-14 	0 	0 	
0.115 1.76345e-14 	0 	0 	
0.125 -2.9391e-15 	0 	0 	
0.135 -6.46598e-14 	0 	0 	
0.145 -1.44015e-13 	-2.28413e-30 	0 	
0.155 -1.46954e-13 	0 	0 	
0.165 -1.14624e-13 	0 	0 	
0.175 -8.52334e-14 	0 	0 	
0.185 -3.82081e-14 	0 	0 	
0.195 2.35126e-14 	0 	0 	
0.205 1.46954e-13 	0 	0 	
0.215 8.58213e-13 	0 	0 	
0.225 6.19559e-12 	0 	0 	
0.235 4.42333e-11 	4.56826e-30 	0 	
0.245 3.0021e-10 	0 	0 	
0.255 1.92851e-09 	0 	0 	
0.265 1.17107e-08 	0 	0 	
0.275 6.71788e-08 	0 	0 	
0.285 3.63824e-07 	0 	0 	
0.295 1.85867e-06 	0 	0 	
0.305 8.94798e-06 	0 	0 	
0.315 4.05442e-05 	0 	0 	
0.325 0.000172655 	0 	0 	
0.335 0.00068982 	0 	0 	
0.345 0.00258068 	0 	0 	
0.355 0.00901946 	0 	0 	
0.365 0.0293729 	0 	0 	
0.375 0.0888765 	0 	0 	
0.385 0.24911 	0 	0 	
0.395 0.644915 	0 	0 	
0.405 1.53851 	0 	0 	
0.415 3.37793 	0 	0 	
0.425 6.82843 	0 	0 	
0.435 12.7378 	0 	0 	
0.445 22.0126 	0 	0 	
0.455 35.4094 	0 	0 	
0.465 53.2318 	0 	0 	
0.475 74.8363 	0 	0 	
0.485 97.6839 	0 	0 	
0.495 116.634 	0 	0 	
0.505 126.746 	0 	0 	
0.515 128.33 	0 	0 	
0.525 124.866 	0 	0 	
0.535 116.917 	0 	0 	
0.545 102.884 	0 	0 	
0.555 82.6408 	0 	0 	
0.565 58.8684 	0 	0 	
0.575 36.3769 	-4.42557e-31 	0 	
0.585 19.3377 	0 	0 	
0.595 8.91895 	0 	0 	
0.605 3.64316 	0 	0 	
0.615 1.3473 	0 	0 	
0.625 0.458376 	0 	0 	
0.635 0.144813 	0 	0 	
0.645 0.0427025 	0 	0 	
0.655 0.0117891 	0 	0 	
0.665 0.00305356 	0 	0 	
0.675 0.00074327 	0 	0 	
0.685 0.000170262 	0 	0 	
0.695 3.67493e-05 	0 	0 	
0.705 7.48177e-06 	0 	0 	
0.715 1.43805e-06 	0 	0 	
0.725 2.61149e-07 	0 	0 	
0.735 4.48341e-08 	0 	0 	
0.745 7.28004e-09 	0 	0 	
0.755 1.11841e-09 	0 	0 	
0.765 1.62595e-10 	0 	0 	
0.775 2.23694e-11 	0 	0 	
0.785 2.89426e-12 	0 	0 	
0.795 3.3726e-13 	0 	0 	
0.805 5.06993e-14 	0 	0 	
0.815 3.74734e-14 	-3.42619e-30 	0 	
0.825 2.20432e-14 	0 	0 	
0.835 4.40863e-15 	0 	0 	
0.845 0 	0 	0 	
0.855 0 	0 	0 	
0.865 -8.81725e-15 	0 	0 	
0.875 -1.10216e-14 	0 	0 	
0.885 6.61296e-15 	0 	0 	
0.895 1.10216e-14 	0 	0 	
0.905 5.43285e-26 	0 	0 	
0.915 -1.54302e-14 	0 	0 	
0.925 -2.42475e-14 	0 	0 	
0.935 -2.71409e-25 	0 	0 	
0.945 2.42475e-14 	0 	0 	
0.955 1.54302e-14 	0 	0 	
0.965 2.20432e-15 	0 	0 	
0.975 0 	0 	0 	
0.985 0 	0 	0 	
0.995 0 	0 	0 	
