0.005 2.79433e-14 	0 	0 	
0.015 4.70253e-14 	0 	0 	
0.025 7.93552e-14 	0 	0 	
0.035 9.99287e-14 	0 	0 	
0.045 7.93552e-14 	0 	0 	
0.055 3.82081e-14 	0 	0 	
0.065 -2.9391e-15 	0 	0 	
0.075 -2.64518e-14 	0 	0 	
0.085 -1.46954e-14 	0 	0 	
0.095 1.76345e-14 	0 	0 	
0.105 7.64162e-14 	0 	0 	
0.115 3.90898e-13 	0 	0 	
0.125 2.17492e-12 	0 	0 	
0.135 1.11421e-11 	0 	0 	
0.145 5.4285e-11 	-3.42619e-30 	0 	
0.155 2.54454e-10 	9.78913e-31 	0 	
0.165 1.14998e-09 	0 	0 	
0.175 5.01411e-09 	0 	0 	
0.185 2.10879e-08 	0 	0 	
0.195 8.55035e-08 	0 	0 	
0.205 3.34018e-07 	0 	0 	
0.215 1.25627e-06 	0 	0 	
0.225 4.54553e-06 	0 	0 	
0.235 1.58091e-05 	7.505e-30 	0 	
0.245 5.28018e-05 	3.26303e-31 	0 	
0.255 0.000169188 	0 	0 	
0.265 0.000519514 	0 	0 	
0.275 0.00152691 	0 	0 	
0.285 0.00428995 	0 	0 	
0.295 0.0115056 	0 	0 	
0.305 0.0294124 	0 	0 	
0.315 0.0715542 	0 	0 	
0.325 0.165398 	0 	0 	
0.335 0.3627 	0 	0 	
0.345 0.753553 	0 	0 	
0.355 1.4819 	0 	0 	
0.365 2.7575 	0 	0 	
0.375 4.85734 	0 	0 	
0.385 8.11071 	0 	0 	
0.395 12.8677 	0 	0 	
0.405 19.459 	0 	0 	
0.415 28.1639 	0 	0 	
0.425 39.1549 	0 	0 	
0.435 52.3831 	0 	0 	
0.445 67.4309 	0 	0 	
0.455 83.3218 	0 	0 	
0.465 98.4104 	0 	0 	
0.475 110.826 	0 	0 	
0.485 119.512 	0 	0 	
0.495 124.76 	0 	0 	
0.505 127.6 	0 	0 	
0.515 129.012 	0 	0 	
0.525 129.601 	0 	0 	
0.535 129.581 	0 	0 	
0.545 128.881 	0 	0 	
0.555 127.135 	0 	0 	
0.565 123.606 	0 	0 	
0.575 117.286 	-1.90041e-30 	0 	
0.585 107.158 	-8.96572e-31 	0 	
0.595 92.7045 	0 	0 	
0.605 74.5289 	0 	0 	
0.615 54.6936 	0 	0 	
0.625 36.1756 	0 	0 	
0.635 21.4889 	0 	0 	
0.645 11.541 	0 	0 	
0.655 5.68205 	0 	0 	
0.665 2.60349 	0 	0 	
0.675 1.12361 	0 	0 	
0.685 0.460328 	0 	0 	
0.695 0.17984 	0 	0 	
0.705 0.0671737 	0 	0 	
0.715 0.0240263 	0 	0 	
0.725 0.00823825 	0 	0 	
0.735 0.0027104 	0 	0 	
0.745 0.000856312 	0 	0 	
0.755 0.000259993 	0 	0 	
0.765 7.59164e-05 	0 	0 	
0.775 2.13332e-05 	0 	0 	
0.785 5.77307e-06 	0 	0 	
0.795 1.50543e-06 	0 	0 	
0.805 3.78506e-07 	-1.22364e-31 	0 	
0.815 9.18077e-08 	-7.09712e-30 	0 	
0.825 2.14934e-08 	0 	0 	
0.835 4.85909e-09 	0 	0 	
0.845 1.06124e-09 	0 	0 	
0.855 2.24014e-10 	0 	0 	
0.865 4.5755e-11 	0 	0 	
0.875 9.05753e-12 	0 	0 	
0.885 1.7392e-12 	0 	0 	
0.895 3.28443e-13 	0 	0 	
0.905 5.73121e-14 	0 	0 	
0.915 -6.61295e-15 	0 	0 	
0.925 -1.76345e-14 	0 	0 	
0.935 -1.62845e-25 	0 	0 	
0.945 1.76345e-14 	0 	0 	
0.955 1.54302e-14 	0 	0 	
0.965 4.40863e-15 	0 	0 	
0.975 0 	0 	0 	
0.985 0 	0 	0 	
0.995 0 	0 	0 	
