0.005 1.86289e-14 	0 	0 	
0.015 2.35127e-14 	0 	0 	
0.025 2.93909e-14 	0 	0 	
0.035 3.233e-14 	0 	0 	
0.045 2.05736e-14 	0 	0 	
0.055 1.76345e-14 	0 	0 	
0.065 2.05736e-14 	0 	0 	
0.075 -5.87817e-15 	0 	0 	
0.085 -2.64518e-14 	0 	0 	
0.095 5.87815e-15 	0 	0 	
0.105 3.82081e-14 	0 	0 	
0.115 3.233e-14 	0 	0 	
0.125 1.76345e-14 	0 	0 	
0.135 -3.23298e-14 	0 	0 	
0.145 -1.35198e-13 	-1.95782e-30 	0 	
0.155 -1.85162e-13 	0 	0 	
0.165 -1.38137e-13 	0 	0 	
0.175 -8.22943e-14 	0 	0 	
0.185 -3.82081e-14 	0 	0 	
0.195 2.35127e-14 	0 	0 	
0.205 6.46599e-14 	0 	0 	
0.215 4.99645e-14 	0 	0 	
0.225 3.23299e-14 	0 	0 	
0.235 4.11472e-14 	3.91565e-30 	0 	
0.245 2.93909e-14 	0 	0 	
0.255 2.9391e-15 	0 	0 	
0.265 -2.93908e-15 	0 	0 	
0.275 5.87817e-15 	0 	0 	
0.285 2.93909e-14 	0 	0 	
0.295 7.64162e-14 	0 	0 	
0.305 9.99289e-14 	0 	0 	
0.315 7.34771e-14 	0 	0 	
0.325 5.29035e-14 	0 	0 	
0.335 2.93909e-14 	0 	0 	
0.345 -2.35127e-14 	0 	0 	
0.355 -6.7599e-14 	0 	0 	
0.365 -8.52335e-14 	0 	0 	
0.375 -7.93553e-14 	0 	0 	
0.385 -6.46599e-14 	0 	0 	
0.395 -6.17208e-14 	0 	0 	
0.405 -4.70254e-14 	0 	0 	
0.415 -5.8782e-15 	0 	0 	
0.425 2.05736e-14 	0 	0 	
0.435 3.82081e-14 	0 	0 	
0.445 2.85947 	0 	0 	
0.455 16.3625 	0 	0 	
0.465 44.4298 	0 	0 	
0.475 80.2889 	0 	0 	
0.485 110.618 	0 	0 	
0.495 126.49 	0 	0 	
0.505 130.942 	0 	0 	
0.515 132.12 	0 	0 	
0.525 131.903 	0 	0 	
0.535 122.85 	0 	0 	
0.545 93.8956 	0 	0 	
0.555 48.0149 	0 	0 	
0.565 12.0497 	0 	0 	
0.575 0.571168 	0 	0 	
0.585 -4.62906e-14 	0 	0 	
0.595 -3.08604e-14 	0 	0 	
0.605 -1.10216e-14 	0 	0 	
0.615 -1.54302e-14 	0 	0 	
0.625 -3.5269e-14 	0 	0 	
0.635 -4.40863e-14 	0 	0 	
0.645 -1.76345e-14 	0 	0 	
0.655 -1.49999e-20 	0 	0 	
0.665 -2.86561e-14 	0 	0 	
0.675 -5.29036e-14 	0 	0 	
0.685 -1.32259e-14 	0 	0 	
0.695 6.39252e-14 	0 	0 	
0.705 9.47857e-14 	0 	0 	
0.715 7.27425e-14 	0 	0 	
0.725 4.62906e-14 	0 	0 	
0.735 1.98388e-14 	0 	0 	
0.745 2.20432e-15 	0 	0 	
0.755 -6.61295e-15 	0 	0 	
0.765 -1.98388e-14 	0 	0 	
0.775 -2.42475e-14 	0 	0 	
0.785 -2.42474e-14 	0 	0 	
0.795 -1.98388e-14 	0 	0 	
0.805 6.61295e-15 	0 	0 	
0.815 3.08604e-14 	-2.93674e-30 	0 	
0.825 2.64518e-14 	0 	0 	
0.835 1.32259e-14 	0 	0 	
0.845 8.81726e-15 	0 	0 	
0.855 6.61295e-15 	0 	0 	
0.865 5.43301e-26 	0 	0 	
0.875 -8.81725e-15 	0 	0 	
0.885 -6.61294e-15 	0 	0 	
0.895 4.40862e-15 	0 	0 	
0.905 -8.81727e-15 	0 	0 	
0.915 -3.96777e-14 	0 	0 	
0.925 -3.96777e-14 	0 	0 	
0.935 -2.20433e-15 	0 	0 	
0.945 3.74733e-14 	0 	0 	
0.955 4.40863e-14 	0 	0 	
0.965 1.98388e-14 	0 	0 	
0.975 2.20432e-15 	0 	0 	
0.985 9.78912e-31 	0 	0 	
0.995 -2.44728e-31 	0 	0 	
