0.005 0 	0 	0 	
0.015 0 	0 	0 	
0.025 0 	0 	0 	
0.035 0 	0 	0 	
0.045 5.87817e-15 	0 	0 	
0.055 2.05736e-14 	0 	0 	
0.065 2.05736e-14 	0 	0 	
0.075 -1.46954e-14 	0 	0 	
0.085 -3.82081e-14 	0 	0 	
0.095 -1.76345e-14 	0 	0 	
0.105 5.87817e-15 	0 	0 	
0.115 1.76345e-14 	0 	0 	
0.125 2.35127e-14 	0 	0 	
0.135 2.9391e-15 	0 	0 	
0.145 -2.93908e-14 	-4.89456e-31 	0 	
0.155 -2.64518e-14 	0 	0 	
0.165 -8.81725e-15 	0 	0 	
0.175 -1.46954e-14 	0 	0 	
0.185 -8.81723e-15 	0 	0 	
0.195 2.35127e-14 	0 	0 	
0.205 2.93909e-14 	0 	0 	
0.215 2.93908e-15 	0 	0 	
0.225 -1.17563e-14 	0 	0 	
0.235 -5.87818e-15 	9.78913e-31 	0 	
0.245 -2.93907e-15 	0 	0 	
0.255 2.49999e-20 	0 	0 	
0.265 1.17563e-14 	0 	0 	
0.275 1.17563e-14 	0 	0 	
0.285 2.93908e-15 	0 	0 	
0.295 0 	0 	0 	
0.305 -2.93907e-15 	0 	0 	
0.315 2.49999e-20 	0 	0 	
0.325 1.76345e-14 	0 	0 	
0.335 2.64518e-14 	0 	0 	
0.345 8.81723e-15 	0 	0 	
0.355 -1.17563e-14 	0 	0 	
0.365 -2.05736e-14 	0 	0 	
0.375 -2.05736e-14 	0 	0 	
0.385 -1.46954e-14 	0 	0 	
0.395 -1.17563e-14 	0 	0 	
0.405 -1.45727e-25 	0 	0 	
0.415 1.46954e-14 	0 	0 	
0.425 1.17563e-14 	0 	0 	
0.435 2.93908e-15 	0 	0 	
0.445 0 	0 	0 	
0.455 -5.87817e-15 	0 	0 	
0.465 -5.87818e-15 	0 	0 	
0.475 3.4498 	0 	0 	
0.485 25.2175 	0 	0 	
0.495 71.5074 	0 	0 	
0.505 94.089 	0 	0 	
0.515 58.1391 	0 	0 	
0.525 14.6519 	0 	0 	
0.535 0.86217 	0 	0 	
0.545 0 	0 	0 	
0.555 -4.40862e-15 	0 	0 	
0.565 -1.10216e-14 	0 	0 	
0.575 -6.61294e-15 	0 	0 	
0.585 6.61294e-15 	0 	0 	
0.595 8.81725e-15 	0 	0 	
0.605 -4.40863e-15 	0 	0 	
0.615 -8.81725e-15 	0 	0 	
0.625 -2.20431e-15 	0 	0 	
0.635 -2.20431e-15 	0 	0 	
0.645 -5.45256e-26 	0 	0 	
0.655 -2.20432e-15 	0 	0 	
0.665 -1.76345e-14 	0 	0 	
0.675 -2.20432e-14 	0 	0 	
0.685 -6.61296e-15 	0 	0 	
0.695 1.76345e-14 	0 	0 	
0.705 3.08604e-14 	0 	0 	
0.715 1.98388e-14 	0 	0 	
0.725 4.40863e-15 	0 	0 	
0.735 0 	0 	0 	
0.745 0 	0 	0 	
0.755 -2.20431e-15 	0 	0 	
0.765 -2.20432e-15 	0 	0 	
0.775 5.84482e-31 	0 	0 	
0.785 -1.10216e-14 	0 	0 	
0.795 -2.64518e-14 	0 	0 	
0.805 -8.81725e-15 	0 	0 	
0.815 2.42475e-14 	-7.34184e-31 	0 	
0.825 2.20432e-14 	0 	0 	
0.835 2.20431e-15 	0 	0 	
0.845 -2.20432e-15 	0 	0 	
0.855 -2.20431e-15 	0 	0 	
0.865 -8.81725e-15 	0 	0 	
0.875 -6.61294e-15 	0 	0 	
0.885 6.61294e-15 	0 	0 	
0.895 1.10216e-14 	0 	0 	
0.905 1.08657e-25 	0 	0 	
0.915 -1.54302e-14 	0 	0 	
0.925 -1.76345e-14 	0 	0 	
0.935 -1.62845e-25 	0 	0 	
0.945 1.76345e-14 	0 	0 	
0.955 1.32259e-14 	0 	0 	
0.965 -2.20432e-15 	0 	0 	
0.975 -2.20432e-15 	0 	0 	
0.985 6.61293e-15 	0 	0 	
0.995 4.40863e-15 	0 	0 	
