0.005 2.79433e-14 	0 	0 	
0.015 4.70253e-14 	0 	0 	
0.025 7.64162e-14 	0 	0 	
0.035 9.11116e-14 	0 	0 	
0.045 7.05381e-14 	0 	0 	
0.055 3.5269e-14 	0 	0 	
0.065 2.19335e-25 	0 	0 	
0.075 -2.64517e-14 	0 	0 	
0.085 -2.35127e-14 	0 	0 	
0.095 1.76345e-14 	0 	0 	
0.105 9.11118e-14 	0 	0 	
0.115 4.34985e-13 	0 	0 	
0.125 2.39829e-12 	0 	0 	
0.135 1.23089e-11 	0 	0 	
0.145 6.00631e-11 	-4.89456e-31 	0 	
0.155 2.82132e-10 	0 	0 	
0.165 1.27841e-09 	0 	0 	
0.175 5.5897e-09 	0 	0 	
0.185 2.35767e-08 	0 	0 	
0.195 9.58804e-08 	0 	0 	
0.205 3.75711e-07 	0 	0 	
0.215 1.41759e-06 	0 	0 	
0.225 5.14617e-06 	1.63152e-31 	0 	
0.235 1.79593e-05 	1.30522e-30 	0 	
0.245 6.01956e-05 	3.26303e-31 	0 	
0.255 0.000193588 	0 	0 	
0.265 0.000596695 	0 	0 	
0.275 0.00176065 	0 	0 	
0.285 0.00496678 	0 	0 	
0.295 0.0133767 	0 	0 	
0.305 0.0343427 	0 	0 	
0.315 0.0839129 	0 	0 	
0.325 0.194803 	0 	0 	
0.335 0.428936 	0 	0 	
0.345 0.894369 	0 	0 	
0.355 1.76343 	0 	0 	
0.365 3.2846 	0 	0 	
0.375 5.77698 	0 	0 	
0.385 9.59722 	0 	0 	
0.395 15.0766 	0 	0 	
0.405 22.4401 	0 	0 	
0.415 31.7298 	0 	0 	
0.425 42.7591 	0 	0 	
0.435 55.1097 	0 	0 	
0.445 68.1715 	0 	0 	
0.455 81.2131 	0 	0 	
0.465 93.4734 	0 	0 	
0.475 104.269 	0 	0 	
0.485 113.107 	0 	0 	
0.495 119.775 	0 	0 	
0.505 124.363 	0 	0 	
0.515 127.202 	0 	0 	
0.525 128.709 	0 	0 	
0.535 129.205 	0 	0 	
0.545 128.755 	0 	0 	
0.555 127.064 	0 	0 	
0.565 123.461 	0 	0 	
0.575 116.988 	-1.01914e-30 	0 	
0.585 106.679 	-3.5471e-31 	0 	
0.595 92.0628 	0 	0 	
0.605 73.7963 	0 	0 	
0.615 53.9796 	0 	0 	
0.625 35.5859 	0 	0 	
0.635 21.0768 	0 	0 	
0.645 11.2944 	0 	0 	
0.655 5.5525 	0 	0 	
0.665 2.54202 	0 	0 	
0.675 1.09663 	0 	0 	
0.685 0.449212 	0 	0 	
0.695 0.1755 	0 	0 	
0.705 0.0655597 	0 	0 	
0.715 0.0234531 	0 	0 	
0.725 0.00804349 	0 	0 	
0.735 0.002647 	0 	0 	
0.745 0.000836518 	0 	0 	
0.755 0.000254061 	0 	0 	
0.765 7.42085e-05 	0 	0 	
0.775 2.08603e-05 	0 	0 	
0.785 5.64709e-06 	0 	0 	
0.795 1.4731e-06 	0 	0 	
0.805 3.70512e-07 	-2.44728e-31 	0 	
0.815 8.99019e-08 	-1.46837e-30 	0 	
0.825 2.1055e-08 	0 	0 	
0.835 4.76177e-09 	0 	0 	
0.845 1.04039e-09 	0 	0 	
0.855 2.19717e-10 	0 	0 	
0.865 4.49062e-11 	0 	0 	
0.875 8.90102e-12 	0 	0 	
0.885 1.71275e-12 	0 	0 	
0.895 3.28443e-13 	0 	0 	
0.905 6.61294e-14 	0 	0 	
0.915 -2.2043e-15 	0 	0 	
0.925 -1.98388e-14 	0 	0 	
0.935 -1.32259e-14 	0 	0 	
0.945 6.61295e-15 	0 	0 	
0.955 2.64518e-14 	0 	0 	
0.965 1.76345e-14 	0 	0 	
0.975 2.20432e-15 	0 	0 	
0.985 0 	0 	0 	
0.995 0 	0 	0 	
