0.005 1.81317e-14 	0 	0 	
0.015 4.11472e-14 	0 	0 	
0.025 5.87817e-14 	0 	0 	
0.035 7.64162e-14 	0 	0 	
0.045 8.52335e-14 	0 	0 	
0.055 6.7599e-14 	0 	0 	
0.065 4.99645e-14 	0 	0 	
0.075 2.35127e-14 	0 	0 	
0.085 -1.17563e-14 	0 	0 	
0.095 -5.87818e-15 	0 	0 	
0.105 4.99643e-14 	0 	0 	
0.115 3.73264e-13 	0 	0 	
0.125 2.18962e-12 	0 	0 	
0.135 1.13096e-11 	0 	0 	
0.145 5.51726e-11 	-4.0788e-30 	0 	
0.155 2.58552e-10 	0 	0 	
0.165 1.16824e-09 	0 	0 	
0.175 5.09289e-09 	0 	0 	
0.185 2.14156e-08 	0 	0 	
0.195 8.68163e-08 	0 	0 	
0.205 3.39083e-07 	0 	0 	
0.215 1.27507e-06 	0 	0 	
0.225 4.61265e-06 	0 	0 	
0.235 1.60392e-05 	8.15761e-30 	0 	
0.245 5.35583e-05 	0 	0 	
0.255 0.000171574 	0 	0 	
0.265 0.000526712 	0 	0 	
0.275 0.00154766 	0 	0 	
0.285 0.00434703 	0 	0 	
0.295 0.0116552 	0 	0 	
0.305 0.0297851 	0 	0 	
0.315 0.0724354 	0 	0 	
0.325 0.167372 	0 	0 	
0.335 0.366882 	0 	0 	
0.345 0.761915 	0 	0 	
0.355 1.49767 	0 	0 	
0.365 2.78543 	0 	0 	
0.375 4.90352 	0 	0 	
0.385 8.1809 	0 	0 	
0.395 12.962 	0 	0 	
0.405 19.5577 	0 	0 	
0.415 28.192 	0 	0 	
0.425 38.9504 	0 	0 	
0.435 51.7305 	0 	0 	
0.445 66.184 	0 	0 	
0.455 81.6353 	0 	0 	
0.465 96.9838 	0 	0 	
0.475 110.685 	0 	0 	
0.485 121.069 	0 	0 	
0.495 127.197 	0 	0 	
0.505 129.676 	0 	0 	
0.515 130.218 	0 	0 	
0.525 130.178 	0 	0 	
0.535 129.9 	0 	0 	
0.545 129.143 	0 	0 	
0.555 127.381 	0 	0 	
0.565 123.796 	0 	0 	
0.575 117.342 	-2.27254e-30 	0 	
0.585 107.006 	-9.01041e-31 	0 	
0.595 92.3069 	0 	0 	
0.605 73.9196 	0 	0 	
0.615 53.9842 	0 	0 	
0.625 35.5116 	0 	0 	
0.635 20.9768 	0 	0 	
0.645 11.2078 	0 	0 	
0.655 5.49347 	0 	0 	
0.665 2.50775 	0 	0 	
0.675 1.07891 	0 	0 	
0.685 0.440818 	0 	0 	
0.695 0.171803 	0 	0 	
0.705 0.0640306 	0 	0 	
0.715 0.0228559 	0 	0 	
0.725 0.00782224 	0 	0 	
0.735 0.00256904 	0 	0 	
0.745 0.000810336 	0 	0 	
0.755 0.000245661 	0 	0 	
0.765 7.163e-05 	0 	0 	
0.775 2.0102e-05 	0 	0 	
0.785 5.43317e-06 	0 	0 	
0.795 1.41515e-06 	0 	0 	
0.805 3.55419e-07 	0 	0 	
0.815 8.61197e-08 	-7.58658e-30 	0 	
0.825 2.01423e-08 	0 	0 	
0.835 4.54954e-09 	0 	0 	
0.845 9.92783e-10 	0 	0 	
0.855 2.09377e-10 	0 	0 	
0.865 4.27109e-11 	0 	0 	
0.875 8.43591e-12 	0 	0 	
0.885 1.61135e-12 	0 	0 	
0.895 3.064e-13 	0 	0 	
0.905 5.29035e-14 	0 	0 	
0.915 -1.54302e-14 	0 	0 	
0.925 -2.20432e-14 	0 	0 	
0.935 2.2043e-15 	0 	0 	
0.945 2.86561e-14 	0 	0 	
0.955 2.86561e-14 	0 	0 	
0.965 1.10216e-14 	0 	0 	
0.975 1.10216e-14 	0 	0 	
0.985 1.32259e-14 	0 	0 	
0.995 4.40863e-15 	0 	0 	
