0.005 273.15 303975
0.015 273.15 303975
0.025 273.15 303975
0.035 273.15 303975
0.045 273.15 303975
0.055 273.15 303975
0.065 273.15 303975
0.075 273.15 303975
0.085 273.15 303975
0.095 273.15 303975
0.105 273.15 303975
0.115 273.15 303975
0.125 273.15 303975
0.135 273.15 303975
0.145 273.15 303975
0.155 273.15 303975
0.165 273.15 303975
0.175 273.15 303975
0.185 273.15 303975
0.195 273.15 303975
0.205 273.15 303975
0.215 273.15 303975
0.225 273.15 303975
0.235 273.15 303975
0.245 273.15 303975
0.255 273.15 303974
0.265 273.15 303972
0.275 273.149 303969
0.285 273.146 303959
0.295 273.14 303936
0.305 273.127 303882
0.315 273.097 303766
0.325 273.036 303528
0.335 272.917 303065
0.345 272.699 302217
0.355 272.323 300757
0.365 271.714 298390
0.375 270.78 294781
0.385 269.432 289598
0.395 267.587 282579
0.405 265.19 273588
0.415 262.221 262670
0.425 258.706 250072
0.435 254.723 236250
0.445 250.415 221856
0.455 246.007 207732
0.465 241.831 194888
0.475 238.32 184400
0.485 235.947 177113
0.495 235.413 173150
0.505 238.1 171657
0.515 245.715 171339
0.525 258.78 171296
0.535 275.432 171209
0.545 291.939 170946
0.555 304.756 170290
0.565 312.304 168880
0.575 315.008 166203
0.585 314.091 161692
0.595 310.572 154947
0.605 305.107 146045
0.615 298.344 135774
0.625 291.224 125520
0.635 284.837 116719
0.645 279.967 110216
0.655 276.774 106031
0.665 274.933 103637
0.675 273.973 102393
0.685 273.511 101793
0.695 273.301 101521
0.705 273.21 101404
0.715 273.173 101355
0.725 273.159 101336
0.735 273.153 101329
0.745 273.151 101326
0.755 273.15 101325
0.765 273.15 101325
0.775 273.15 101325
0.785 273.15 101325
0.795 273.15 101325
0.805 273.15 101325
0.815 273.15 101325
0.825 273.15 101325
0.835 273.15 101325
0.845 273.15 101325
0.855 273.15 101325
0.865 273.15 101325
0.875 273.15 101325
0.885 273.15 101325
0.895 273.15 101325
0.905 273.15 101325
0.915 273.15 101325
0.925 273.15 101325
0.935 273.15 101325
0.945 273.15 101325
0.955 273.15 101325
0.965 273.15 101325
0.975 273.15 101325
0.985 273.15 101325
0.995 273.15 101325
