0.005 2.74461e-14 	0 	0 	
0.015 4.99644e-14 	0 	0 	
0.025 6.17208e-14 	0 	0 	
0.035 7.93552e-14 	0 	0 	
0.045 9.40506e-14 	0 	0 	
0.055 8.22943e-14 	0 	0 	
0.065 6.46599e-14 	0 	0 	
0.075 3.52691e-14 	0 	0 	
0.085 1.76345e-14 	0 	0 	
0.095 1.67528e-13 	0 	0 	
0.105 1.05513e-12 	0 	0 	
0.115 5.39616e-12 	0 	0 	
0.125 2.56729e-11 	0 	0 	
0.135 1.17231e-10 	0 	0 	
0.145 5.1716e-10 	-4.40511e-30 	0 	
0.155 2.20579e-09 	0 	0 	
0.165 9.09496e-09 	0 	0 	
0.175 3.62367e-08 	0 	0 	
0.185 1.39433e-07 	0 	0 	
0.195 5.17817e-07 	0 	0 	
0.205 1.85475e-06 	0 	0 	
0.215 6.40268e-06 	0 	0 	
0.225 2.12841e-05 	0 	0 	
0.235 6.80744e-05 	8.81022e-30 	0 	
0.245 0.000209282 	0 	0 	
0.255 0.000617801 	0 	0 	
0.265 0.00174924 	0 	0 	
0.275 0.00474474 	0 	0 	
0.285 0.0123132 	0 	0 	
0.295 0.0305297 	0 	0 	
0.305 0.0722185 	0 	0 	
0.315 0.162747 	0 	0 	
0.325 0.348907 	0 	0 	
0.335 0.710753 	0 	0 	
0.345 1.37455 	0 	0 	
0.355 2.52275 	0 	0 	
0.365 4.39535 	0 	0 	
0.375 7.27744 	0 	0 	
0.385 11.4715 	0 	0 	
0.395 17.2583 	0 	0 	
0.405 24.8533 	0 	0 	
0.415 34.3661 	0 	0 	
0.425 45.7642 	0 	0 	
0.435 58.8355 	0 	0 	
0.445 73.1384 	0 	0 	
0.455 87.9325 	0 	0 	
0.465 102.113 	0 	0 	
0.475 114.261 	0 	0 	
0.485 123.04 	0 	0 	
0.495 127.955 	0 	0 	
0.505 129.841 	0 	0 	
0.515 130.236 	0 	0 	
0.525 130.223 	0 	0 	
0.535 130.079 	0 	0 	
0.545 129.671 	0 	0 	
0.555 128.672 	0 	0 	
0.565 126.518 	0 	0 	
0.575 122.39 	-2.23672e-30 	0 	
0.585 115.302 	-1.23237e-30 	0 	
0.595 104.372 	0 	0 	
0.605 89.3087 	0 	0 	
0.615 70.962 	0 	0 	
0.625 51.5093 	0 	0 	
0.635 33.7931 	0 	0 	
0.645 20.0062 	0 	0 	
0.655 10.7728 	0 	0 	
0.665 5.34966 	0 	0 	
0.675 2.48513 	0 	0 	
0.685 1.0919 	0 	0 	
0.695 0.456978 	0 	0 	
0.705 0.182923 	0 	0 	
0.715 0.070196 	0 	0 	
0.725 0.0258609 	0 	0 	
0.735 0.00915564 	0 	0 	
0.745 0.00311742 	0 	0 	
0.755 0.00102158 	0 	0 	
0.765 0.000322418 	0 	0 	
0.775 9.80654e-05 	0 	0 	
0.785 2.87631e-05 	0 	0 	
0.795 8.14038e-06 	0 	0 	
0.805 2.22429e-06 	0 	0 	
0.815 5.87107e-07 	-8.32077e-30 	0 	
0.825 1.49777e-07 	0 	0 	
0.835 3.69481e-08 	0 	0 	
0.845 8.81766e-09 	0 	0 	
0.855 2.03667e-09 	0 	0 	
0.865 4.55504e-10 	0 	0 	
0.875 9.86915e-11 	0 	0 	
0.885 2.07095e-11 	0 	0 	
0.895 4.19701e-12 	0 	0 	
0.905 8.13393e-13 	0 	0 	
0.915 1.41076e-13 	0 	0 	
0.925 1.76345e-14 	0 	0 	
0.935 1.76345e-14 	0 	0 	
0.945 3.74733e-14 	0 	0 	
0.955 3.08604e-14 	0 	0 	
0.965 1.10216e-14 	0 	0 	
0.975 1.10216e-14 	0 	0 	
0.985 1.32259e-14 	0 	0 	
0.995 4.40863e-15 	0 	0 	
