0.005 273.15 303975
0.015 273.15 303975
0.025 273.15 303975
0.035 273.15 303975
0.045 273.15 303975
0.055 273.15 303975
0.065 273.15 303975
0.075 273.15 303975
0.085 273.15 303975
0.095 273.15 303975
0.105 273.15 303975
0.115 273.15 303975
0.125 273.15 303975
0.135 273.15 303975
0.145 273.15 303975
0.155 273.15 303975
0.165 273.15 303975
0.175 273.15 303975
0.185 273.15 303974
0.195 273.15 303973
0.205 273.149 303970
0.215 273.147 303964
0.225 273.144 303951
0.235 273.137 303923
0.245 273.123 303868
0.255 273.096 303763
0.265 273.046 303570
0.275 272.959 303230
0.285 272.812 302659
0.295 272.576 301740
0.305 272.211 300325
0.315 271.674 298243
0.325 270.914 295311
0.335 269.882 291351
0.345 268.533 286210
0.355 266.83 279793
0.365 264.755 272081
0.375 262.309 263149
0.385 259.516 253167
0.395 256.426 242400
0.405 253.121 231207
0.415 249.715 220030
0.425 246.36 209370
0.435 243.233 199730
0.445 240.522 191528
0.455 238.395 184993
0.465 236.996 180120
0.475 236.458 176711
0.485 236.92 174466
0.495 238.442 173079
0.505 241.011 172268
0.515 244.838 171802
0.525 250.276 171539
0.535 257.375 171409
0.545 265.858 171351
0.555 275.214 171318
0.565 284.732 171273
0.575 293.653 171179
0.585 301.342 170973
0.595 307.394 170548
0.605 311.637 169732
0.615 314.056 168270
0.625 314.712 165825
0.635 313.68 162025
0.645 311.031 156561
0.655 306.872 149356
0.665 301.451 140737
0.675 295.276 131492
0.685 289.108 122692
0.695 283.728 115294
0.705 279.616 109787
0.715 276.829 106116
0.725 275.122 103887
0.735 274.157 102632
0.745 273.643 101966
0.755 273.383 101628
0.765 273.257 101464
0.775 273.197 101386
0.785 273.17 101351
0.795 273.159 101336
0.805 273.154 101330
0.815 273.151 101327
0.825 273.15 101326
0.835 273.15 101325
0.845 273.15 101325
0.855 273.15 101325
0.865 273.15 101325
0.875 273.15 101325
0.885 273.15 101325
0.895 273.15 101325
0.905 273.15 101325
0.915 273.15 101325
0.925 273.15 101325
0.935 273.15 101325
0.945 273.15 101325
0.955 273.15 101325
0.965 273.15 101325
0.975 273.15 101325
0.985 273.15 101325
0.995 273.15 101325
