0.005 5.24503e-14 	0 	0 	
0.015 9.69899e-14 	0 	0 	
0.025 1.67528e-13 	0 	0 	
0.035 3.5269e-13 	0 	0 	
0.045 1.12567e-12 	0 	0 	
0.055 4.45565e-12 	0 	0 	
0.065 1.81106e-11 	0 	0 	
0.075 7.22985e-11 	0 	0 	
0.085 2.81353e-10 	0 	0 	
0.095 1.06545e-09 	0 	0 	
0.105 3.92414e-09 	0 	0 	
0.115 1.4051e-08 	0 	0 	
0.125 4.88916e-08 	0 	0 	
0.135 1.6524e-07 	0 	0 	
0.145 5.42154e-07 	-6.19977e-30 	0 	
0.155 1.72592e-06 	0 	0 	
0.165 5.32782e-06 	0 	0 	
0.175 1.59382e-05 	0 	0 	
0.185 4.61741e-05 	0 	0 	
0.195 0.000129454 	0 	0 	
0.205 0.000350962 	0 	0 	
0.215 0.000919346 	0 	0 	
0.225 0.00232485 	0 	0 	
0.235 0.00567036 	1.14208e-29 	0 	
0.245 0.013326 	0 	0 	
0.255 0.0301456 	0 	0 	
0.265 0.0655731 	0 	0 	
0.275 0.137009 	0 	0 	
0.285 0.274701 	0 	0 	
0.295 0.528049 	0 	0 	
0.305 0.972519 	0 	0 	
0.315 1.71543 	0 	0 	
0.325 2.89816 	0 	0 	
0.335 4.69227 	0 	0 	
0.345 7.28823 	0 	0 	
0.355 10.8776 	0 	0 	
0.365 15.6318 	0 	0 	
0.375 21.6803 	0 	0 	
0.385 29.0939 	0 	0 	
0.395 37.8713 	0 	0 	
0.405 47.9298 	0 	0 	
0.415 59.094 	0 	0 	
0.425 71.0804 	0 	0 	
0.435 83.4711 	0 	0 	
0.445 95.6838 	0 	0 	
0.455 106.961 	0 	0 	
0.465 116.444 	0 	0 	
0.475 123.403 	0 	0 	
0.485 127.608 	0 	0 	
0.495 129.545 	0 	0 	
0.505 130.151 	0 	0 	
0.515 130.252 	0 	0 	
0.525 130.247 	0 	0 	
0.535 130.229 	0 	0 	
0.545 130.191 	0 	0 	
0.555 130.097 	0 	0 	
0.565 129.867 	0 	0 	
0.575 129.339 	-2.81406e-30 	0 	
0.585 128.229 	-1.51703e-30 	0 	
0.595 126.088 	0 	0 	
0.605 122.295 	0 	0 	
0.615 116.098 	0 	0 	
0.625 106.776 	0 	0 	
0.635 93.9344 	0 	0 	
0.645 77.9068 	0 	0 	
0.655 60.0433 	0 	0 	
0.665 42.5194 	0 	0 	
0.675 27.5296 	0 	0 	
0.685 16.3468 	0 	0 	
0.695 8.98909 	0 	0 	
0.705 4.63559 	0 	0 	
0.715 2.2676 	0 	0 	
0.725 1.06101 	0 	0 	
0.735 0.477366 	0 	0 	
0.745 0.207148 	0 	0 	
0.755 0.0868467 	0 	0 	
0.765 0.0352138 	0 	0 	
0.775 0.0138183 	0 	0 	
0.785 0.00525058 	0 	0 	
0.795 0.00193276 	0 	0 	
0.805 0.000689552 	0 	0 	
0.815 0.000238542 	-1.12575e-29 	0 	
0.825 8.00513e-05 	0 	0 	
0.835 2.60717e-05 	0 	0 	
0.845 8.24433e-06 	0 	0 	
0.855 2.53229e-06 	0 	0 	
0.865 7.55823e-07 	0 	0 	
0.875 2.19306e-07 	0 	0 	
0.885 6.18833e-08 	0 	0 	
0.895 1.69882e-08 	0 	0 	
0.905 4.53867e-09 	0 	0 	
0.915 1.1805e-09 	0 	0 	
0.925 2.99016e-10 	0 	0 	
0.935 7.37852e-11 	0 	0 	
0.945 1.77602e-11 	0 	0 	
0.955 4.18821e-12 	0 	0 	
0.965 9.91943e-13 	0 	0 	
0.975 2.53496e-13 	0 	0 	
0.985 6.61294e-14 	0 	0 	
0.995 1.10216e-14 	0 	0 	
