0.005 2.15679e-14 	0 	0 	
0.015 4.11472e-14 	0 	0 	
0.025 7.0538e-14 	0 	0 	
0.035 8.22944e-14 	0 	0 	
0.045 4.99645e-14 	0 	0 	
0.055 2.05736e-14 	0 	0 	
0.065 1.17563e-14 	0 	0 	
0.075 -1.17563e-14 	0 	0 	
0.085 -1.76345e-14 	0 	0 	
0.095 1.17563e-14 	0 	0 	
0.105 2.64518e-14 	0 	0 	
0.115 1.17563e-14 	0 	0 	
0.125 -1.76345e-14 	0 	0 	
0.135 -7.93554e-14 	0 	0 	
0.145 -1.52833e-13 	-2.61043e-30 	0 	
0.155 -1.67528e-13 	0 	0 	
0.165 -1.32259e-13 	0 	0 	
0.175 -7.93554e-14 	0 	0 	
0.185 4.99645e-14 	0 	0 	
0.195 6.90684e-13 	0 	0 	
0.205 4.76131e-12 	0 	0 	
0.215 3.10162e-11 	0 	0 	
0.225 1.93536e-10 	0 	0 	
0.235 1.15034e-09 	5.54716e-30 	0 	
0.245 6.50393e-09 	0 	0 	
0.255 3.49541e-08 	0 	0 	
0.265 1.78437e-07 	0 	0 	
0.275 8.64547e-07 	0 	0 	
0.285 3.97194e-06 	0 	0 	
0.295 1.72842e-05 	0 	0 	
0.305 7.11508e-05 	0 	0 	
0.315 0.00027667 	0 	0 	
0.325 0.00101456 	0 	0 	
0.335 0.00350189 	0 	0 	
0.345 0.0113532 	0 	0 	
0.355 0.0344905 	0 	0 	
0.365 0.0979342 	0 	0 	
0.375 0.259223 	0 	0 	
0.385 0.63802 	0 	0 	
0.395 1.45729 	0 	0 	
0.405 3.08566 	0 	0 	
0.415 6.05852 	0 	0 	
0.425 11.0514 	0 	0 	
0.435 18.7912 	0 	0 	
0.445 29.9133 	0 	0 	
0.455 44.7745 	0 	0 	
0.465 63.1943 	0 	0 	
0.475 84.02 	0 	0 	
0.485 104.448 	0 	0 	
0.495 120.079 	0 	0 	
0.505 127.861 	0 	0 	
0.515 129.246 	0 	0 	
0.525 127.416 	0 	0 	
0.535 122.809 	0 	0 	
0.545 113.802 	0 	0 	
0.555 99.0665 	0 	0 	
0.565 78.9053 	0 	0 	
0.575 56.049 	-8.34892e-31 	0 	
0.585 34.8468 	0 	0 	
0.595 18.8517 	0 	0 	
0.605 8.9555 	0 	0 	
0.615 3.80792 	0 	0 	
0.625 1.47838 	0 	0 	
0.635 0.531711 	0 	0 	
0.645 0.178687 	0 	0 	
0.655 0.0563783 	0 	0 	
0.665 0.016748 	0 	0 	
0.675 0.00469343 	0 	0 	
0.685 0.00124267 	0 	0 	
0.695 0.000311265 	0 	0 	
0.705 7.38456e-05 	0 	0 	
0.715 1.6611e-05 	0 	0 	
0.725 3.5461e-06 	0 	0 	
0.735 7.19028e-07 	0 	0 	
0.745 1.38578e-07 	0 	0 	
0.755 2.54015e-08 	0 	0 	
0.765 4.43056e-09 	0 	0 	
0.775 7.35635e-10 	0 	0 	
0.785 1.16295e-10 	0 	0 	
0.795 1.74978e-11 	0 	0 	
0.805 2.51292e-12 	0 	0 	
0.815 3.74733e-13 	-3.91565e-30 	0 	
0.825 7.49468e-14 	0 	0 	
0.835 1.32259e-14 	0 	0 	
0.845 0 	0 	0 	
0.855 0 	0 	0 	
0.865 -8.81725e-15 	0 	0 	
0.875 -1.10216e-14 	0 	0 	
0.885 6.61296e-15 	0 	0 	
0.895 1.10216e-14 	0 	0 	
0.905 5.43285e-26 	0 	0 	
0.915 -1.54302e-14 	0 	0 	
0.925 -2.42475e-14 	0 	0 	
0.935 -2.71409e-25 	0 	0 	
0.945 2.42475e-14 	0 	0 	
0.955 1.54302e-14 	0 	0 	
0.965 2.20432e-15 	0 	0 	
0.975 0 	0 	0 	
0.985 0 	0 	0 	
0.995 0 	0 	0 	
