0.005 273.15 303975
0.015 273.15 303975
0.025 273.15 303975
0.035 273.15 303975
0.045 273.15 303975
0.055 273.15 303975
0.065 273.15 303975
0.075 273.15 303975
0.085 273.15 303975
0.095 273.15 303975
0.105 273.15 303975
0.115 273.15 303975
0.125 273.15 303975
0.135 273.15 303975
0.145 273.15 303975
0.155 273.15 303975
0.165 273.15 303975
0.175 273.15 303975
0.185 273.15 303975
0.195 273.15 303975
0.205 273.15 303975
0.215 273.15 303975
0.225 273.15 303975
0.235 273.15 303975
0.245 273.15 303975
0.255 273.15 303975
0.265 273.15 303975
0.275 273.15 303975
0.285 273.15 303975
0.295 273.15 303975
0.305 273.15 303975
0.315 273.15 303974
0.325 273.149 303972
0.335 273.147 303966
0.345 273.143 303947
0.355 273.13 303895
0.365 273.096 303762
0.375 273.014 303443
0.385 272.834 302741
0.395 272.467 301314
0.405 271.783 298650
0.415 270.608 294089
0.425 268.748 286919
0.435 266.03 276560
0.445 262.344 262785
0.455 257.696 245917
0.465 252.268 226975
0.475 246.51 207768
0.485 241.383 190849
0.495 239.702 178900
0.505 245.979 172979
0.515 261.632 171111
0.525 281.862 170031
0.535 299.082 167700
0.545 308.288 163047
0.555 309.151 155338
0.565 304.195 144725
0.575 296.397 132626
0.585 288.309 121270
0.595 281.752 112498
0.605 277.437 106868
0.615 275.063 103799
0.625 273.931 102336
0.635 273.446 101708
0.645 273.255 101461
0.655 273.185 101371
0.665 273.161 101339
0.675 273.153 101329
0.685 273.151 101326
0.695 273.15 101325
0.705 273.15 101325
0.715 273.15 101325
0.725 273.15 101325
0.735 273.15 101325
0.745 273.15 101325
0.755 273.15 101325
0.765 273.15 101325
0.775 273.15 101325
0.785 273.15 101325
0.795 273.15 101325
0.805 273.15 101325
0.815 273.15 101325
0.825 273.15 101325
0.835 273.15 101325
0.845 273.15 101325
0.855 273.15 101325
0.865 273.15 101325
0.875 273.15 101325
0.885 273.15 101325
0.895 273.15 101325
0.905 273.15 101325
0.915 273.15 101325
0.925 273.15 101325
0.935 273.15 101325
0.945 273.15 101325
0.955 273.15 101325
0.965 273.15 101325
0.975 273.15 101325
0.985 273.15 101325
0.995 273.15 101325
