0.005 1.86289e-14 	0 	0 	
0.015 2.35127e-14 	0 	0 	
0.025 2.93909e-14 	0 	0 	
0.035 3.233e-14 	0 	0 	
0.045 2.05736e-14 	0 	0 	
0.055 1.76345e-14 	0 	0 	
0.065 2.35126e-14 	0 	0 	
0.075 -2.49997e-20 	0 	0 	
0.085 -2.05736e-14 	0 	0 	
0.095 8.81727e-15 	0 	0 	
0.105 3.82081e-14 	0 	0 	
0.115 2.93909e-14 	0 	0 	
0.125 8.81725e-15 	0 	0 	
0.135 -4.40862e-14 	0 	0 	
0.145 -1.46954e-13 	-2.12098e-30 	0 	
0.155 -1.9398e-13 	0 	0 	
0.165 -1.46954e-13 	0 	0 	
0.175 -9.11118e-14 	0 	0 	
0.185 -3.82082e-14 	0 	0 	
0.195 2.93908e-14 	0 	0 	
0.205 6.46599e-14 	0 	0 	
0.215 4.70254e-14 	0 	0 	
0.225 3.5269e-14 	0 	0 	
0.235 4.40863e-14 	4.24196e-30 	0 	
0.245 2.93909e-14 	0 	0 	
0.255 5.87818e-15 	0 	0 	
0.265 2.93907e-15 	0 	0 	
0.275 1.46954e-14 	0 	0 	
0.285 4.40863e-14 	0 	0 	
0.295 8.52335e-14 	0 	0 	
0.305 9.9929e-14 	0 	0 	
0.315 7.64163e-14 	0 	0 	
0.325 5.58426e-14 	0 	0 	
0.335 2.64518e-14 	0 	0 	
0.345 -2.93909e-14 	0 	0 	
0.355 -6.7599e-14 	0 	0 	
0.365 -7.93553e-14 	0 	0 	
0.375 -7.93553e-14 	0 	0 	
0.385 -7.64163e-14 	0 	0 	
0.395 -7.64162e-14 	0 	0 	
0.405 -5.58427e-14 	0 	0 	
0.415 -1.17564e-14 	0 	0 	
0.425 1.76345e-14 	0 	0 	
0.435 0.317007 	0 	0 	
0.445 5.54389 	0 	0 	
0.455 23.3468 	0 	0 	
0.465 53.7758 	0 	0 	
0.475 88.3655 	0 	0 	
0.485 115.367 	0 	0 	
0.495 127.677 	0 	0 	
0.505 130.333 	0 	0 	
0.515 131.676 	0 	0 	
0.525 132.376 	0 	0 	
0.535 127.857 	0 	0 	
0.545 108.936 	0 	0 	
0.555 67.976 	0 	0 	
0.565 24.1851 	0 	0 	
0.575 3.30093 	0 	0 	
0.585 -6.83337e-14 	0 	0 	
0.595 -5.06992e-14 	0 	0 	
0.605 -1.10216e-14 	0 	0 	
0.615 -8.81726e-15 	0 	0 	
0.625 -3.96777e-14 	0 	0 	
0.635 -4.84949e-14 	0 	0 	
0.645 -1.76345e-14 	0 	0 	
0.655 -1.49999e-20 	0 	0 	
0.665 -2.42475e-14 	0 	0 	
0.675 -4.1882e-14 	0 	0 	
0.685 -6.61293e-15 	0 	0 	
0.695 5.73122e-14 	0 	0 	
0.705 8.15596e-14 	0 	0 	
0.715 6.39251e-14 	0 	0 	
0.725 5.06992e-14 	0 	0 	
0.735 3.5269e-14 	0 	0 	
0.745 1.32259e-14 	0 	0 	
0.755 -4.40863e-15 	0 	0 	
0.765 -1.98388e-14 	0 	0 	
0.775 -2.42475e-14 	0 	0 	
0.785 -2.42474e-14 	0 	0 	
0.795 -1.98388e-14 	0 	0 	
0.805 6.61295e-15 	0 	0 	
0.815 3.08604e-14 	-3.18146e-30 	0 	
0.825 2.64518e-14 	0 	0 	
0.835 1.32259e-14 	0 	0 	
0.845 8.81726e-15 	0 	0 	
0.855 8.81726e-15 	0 	0 	
0.865 4.40863e-15 	0 	0 	
0.875 -6.61294e-15 	0 	0 	
0.885 -8.81725e-15 	0 	0 	
0.895 4.99995e-21 	0 	0 	
0.905 -1.32259e-14 	0 	0 	
0.915 -4.40863e-14 	0 	0 	
0.925 -4.1882e-14 	0 	0 	
0.935 -3.25691e-25 	0 	0 	
0.945 4.1882e-14 	0 	0 	
0.955 4.84949e-14 	0 	0 	
0.965 2.20431e-14 	0 	0 	
0.975 -4.99995e-21 	0 	0 	
0.985 -2.20432e-15 	0 	0 	
0.995 -2.44728e-31 	0 	0 	
