0.005 273.15 303975
0.015 273.15 303975
0.025 273.15 303975
0.035 273.15 303975
0.045 273.15 303975
0.055 273.15 303975
0.065 273.15 303975
0.075 273.15 303975
0.085 273.15 303975
0.095 273.15 303975
0.105 273.15 303975
0.115 273.15 303975
0.125 273.15 303975
0.135 273.15 303975
0.145 273.15 303975
0.155 273.15 303975
0.165 273.15 303975
0.175 273.15 303975
0.185 273.15 303975
0.195 273.15 303975
0.205 273.15 303975
0.215 273.15 303975
0.225 273.15 303975
0.235 273.15 303975
0.245 273.15 303975
0.255 273.15 303975
0.265 273.15 303975
0.275 273.15 303975
0.285 273.15 303975
0.295 273.15 303975
0.305 273.15 303975
0.315 273.15 303975
0.325 273.15 303975
0.335 273.15 303975
0.345 273.15 303974
0.355 273.149 303969
0.365 273.145 303954
0.375 273.132 303906
0.385 273.096 303764
0.395 272.999 303384
0.405 272.764 302456
0.415 272.249 300409
0.425 271.24 296355
0.435 269.477 289189
0.445 266.755 277952
0.455 263.079 262410
0.465 258.852 243536
0.475 255.012 223512
0.485 253.012 205078
0.495 254.465 190446
0.505 260.337 180293
0.515 270.057 173430
0.525 281.262 167405
0.535 290.54 159710
0.545 294.949 149056
0.555 293.609 136180
0.565 288.3 123492
0.575 282.19 113464
0.585 277.602 107076
0.595 275.025 103723
0.605 273.851 102224
0.615 273.389 101633
0.625 273.225 101423
0.635 273.172 101354
0.645 273.156 101333
0.655 273.151 101327
0.665 273.15 101325
0.675 273.15 101325
0.685 273.15 101325
0.695 273.15 101325
0.705 273.15 101325
0.715 273.15 101325
0.725 273.15 101325
0.735 273.15 101325
0.745 273.15 101325
0.755 273.15 101325
0.765 273.15 101325
0.775 273.15 101325
0.785 273.15 101325
0.795 273.15 101325
0.805 273.15 101325
0.815 273.15 101325
0.825 273.15 101325
0.835 273.15 101325
0.845 273.15 101325
0.855 273.15 101325
0.865 273.15 101325
0.875 273.15 101325
0.885 273.15 101325
0.895 273.15 101325
0.905 273.15 101325
0.915 273.15 101325
0.925 273.15 101325
0.935 273.15 101325
0.945 273.15 101325
0.955 273.15 101325
0.965 273.15 101325
0.975 273.15 101325
0.985 273.15 101325
0.995 273.15 101325
