0.005 273.15 303975
0.015 273.15 303975
0.025 273.15 303975
0.035 273.15 303975
0.045 273.15 303975
0.055 273.15 303975
0.065 273.15 303975
0.075 273.15 303975
0.085 273.15 303975
0.095 273.15 303975
0.105 273.15 303975
0.115 273.15 303975
0.125 273.15 303975
0.135 273.15 303975
0.145 273.15 303975
0.155 273.15 303975
0.165 273.15 303975
0.175 273.15 303975
0.185 273.15 303974
0.195 273.149 303972
0.205 273.149 303969
0.215 273.147 303962
0.225 273.143 303946
0.235 273.134 303914
0.245 273.117 303848
0.255 273.085 303722
0.265 273.026 303491
0.275 272.922 303085
0.285 272.746 302400
0.295 272.464 301299
0.305 272.03 299613
0.315 271.396 297149
0.325 270.511 293723
0.335 269.331 289182
0.345 267.826 283442
0.355 265.988 276507
0.365 263.83 268485
0.375 261.391 259570
0.385 258.727 250026
0.395 255.911 240154
0.405 253.028 230264
0.415 250.171 220651
0.425 247.438 211582
0.435 244.933 203277
0.445 242.77 195910
0.455 241.069 189596
0.465 239.959 184389
0.475 239.581 180275
0.485 240.078 177179
0.495 241.591 174971
0.505 244.243 173489
0.515 248.116 172556
0.525 253.22 172010
0.535 259.467 171711
0.545 266.653 171558
0.555 274.455 171475
0.565 282.458 171407
0.575 290.204 171300
0.585 297.248 171081
0.595 303.213 170636
0.605 307.821 169785
0.615 310.889 168271
0.625 312.304 165757
0.635 312 161876
0.645 309.953 156330
0.655 306.234 149055
0.665 301.103 140394
0.675 295.104 131150
0.685 289.026 122392
0.695 283.678 115063
0.705 279.573 109628
0.715 276.792 106018
0.725 275.095 103832
0.735 274.14 102603
0.745 273.634 101951
0.755 273.379 101621
0.765 273.255 101461
0.775 273.196 101385
0.785 273.17 101351
0.795 273.159 101336
0.805 273.154 101330
0.815 273.151 101327
0.825 273.15 101326
0.835 273.15 101325
0.845 273.15 101325
0.855 273.15 101325
0.865 273.15 101325
0.875 273.15 101325
0.885 273.15 101325
0.895 273.15 101325
0.905 273.15 101325
0.915 273.15 101325
0.925 273.15 101325
0.935 273.15 101325
0.945 273.15 101325
0.955 273.15 101325
0.965 273.15 101325
0.975 273.15 101325
0.985 273.15 101325
0.995 273.15 101325
