0.005 2.45026e-13 	0 	0 	
0.015 9.52263e-13 	0 	0 	
0.025 3.68267e-12 	0 	0 	
0.035 1.42046e-11 	0 	0 	
0.045 5.39968e-11 	0 	0 	
0.055 2.01007e-10 	0 	0 	
0.065 7.30392e-10 	0 	0 	
0.075 2.58755e-09 	0 	0 	
0.085 8.93282e-09 	0 	0 	
0.095 3.0038e-08 	0 	0 	
0.105 9.83445e-08 	0 	0 	
0.115 3.1335e-07 	0 	0 	
0.125 9.71187e-07 	0 	0 	
0.135 2.92651e-06 	0 	0 	
0.145 8.56913e-06 	-9.78913e-31 	0 	
0.155 2.43677e-05 	3.26303e-31 	0 	
0.165 6.72541e-05 	0 	0 	
0.175 0.000180042 	0 	0 	
0.185 0.000467173 	0 	0 	
0.195 0.00117414 	0 	0 	
0.205 0.00285602 	0 	0 	
0.215 0.00671815 	0 	0 	
0.225 0.0152689 	3.26317e-31 	0 	
0.235 0.0334998 	1.63166e-30 	0 	
0.245 0.0708826 	6.52731e-31 	0 	
0.255 0.144505 	0 	0 	
0.265 0.283563 	0 	0 	
0.275 0.535112 	0 	0 	
0.285 0.970319 	0 	0 	
0.295 1.68959 	0 	0 	
0.305 2.8241 	0 	0 	
0.315 4.53106 	0 	0 	
0.325 6.9808 	0 	0 	
0.335 10.3365 	0 	0 	
0.345 14.7291 	0 	0 	
0.355 20.2343 	0 	0 	
0.365 26.8557 	0 	0 	
0.375 34.5191 	0 	0 	
0.385 43.0769 	0 	0 	
0.395 52.3206 	0 	0 	
0.405 61.9965 	0 	0 	
0.415 71.8212 	0 	0 	
0.425 81.4977 	0 	0 	
0.435 90.7307 	0 	0 	
0.445 99.2439 	0 	0 	
0.455 106.802 	0 	0 	
0.465 113.234 	0 	0 	
0.475 118.453 	0 	0 	
0.485 122.47 	0 	0 	
0.495 125.386 	0 	0 	
0.505 127.372 	0 	0 	
0.515 128.637 	0 	0 	
0.525 129.387 	0 	0 	
0.535 129.798 	0 	0 	
0.545 130 	0 	0 	
0.555 130.071 	0 	0 	
0.565 130.039 	0 	0 	
0.575 129.87 	-9.27307e-31 	0 	
0.585 129.463 	-3.17049e-31 	0 	
0.595 128.619 	0 	0 	
0.605 127.014 	0 	0 	
0.615 124.18 	0 	0 	
0.625 119.507 	0 	0 	
0.635 112.317 	0 	0 	
0.645 102.039 	0 	0 	
0.655 88.5067 	0 	0 	
0.665 72.3043 	0 	0 	
0.675 54.9275 	0 	0 	
0.685 38.4547 	0 	0 	
0.695 24.7482 	0 	0 	
0.705 14.7107 	0 	0 	
0.715 8.15833 	0 	0 	
0.725 4.27122 	0 	0 	
0.735 2.1326 	0 	0 	
0.745 1.02288 	0 	0 	
0.755 0.473442 	0 	0 	
0.765 0.212017 	0 	0 	
0.775 0.0919979 	0 	0 	
0.785 0.0387134 	0 	0 	
0.795 0.0158076 	0 	0 	
0.805 0.00626587 	-2.44724e-31 	0 	
0.815 0.00241198 	-1.95781e-30 	0 	
0.825 0.000901999 	0 	0 	
0.835 0.000327822 	0 	0 	
0.845 0.000115833 	0 	0 	
0.855 3.98065e-05 	0 	0 	
0.865 1.33096e-05 	0 	0 	
0.875 4.33138e-06 	0 	0 	
0.885 1.37245e-06 	0 	0 	
0.895 4.23577e-07 	0 	0 	
0.905 1.27375e-07 	0 	0 	
0.915 3.73333e-08 	0 	0 	
0.925 1.06688e-08 	0 	0 	
0.935 2.97355e-09 	0 	0 	
0.945 8.08571e-10 	0 	0 	
0.955 2.14577e-10 	0 	0 	
0.965 5.55928e-11 	0 	0 	
0.975 1.40635e-11 	0 	0 	
0.985 3.47179e-12 	0 	0 	
0.995 8.28779e-13 	0 	0 	
