0.005 3.03852e-14 	0 	0 	
0.015 6.17208e-14 	0 	0 	
0.025 7.34772e-14 	0 	0 	
0.035 6.7599e-14 	0 	0 	
0.045 5.29036e-14 	0 	0 	
0.055 1.76345e-14 	0 	0 	
0.065 -1.17563e-14 	0 	0 	
0.075 -2.05736e-14 	0 	0 	
0.085 -2.35127e-14 	0 	0 	
0.095 -1.76345e-14 	0 	0 	
0.105 -1.17563e-14 	0 	0 	
0.115 -2.93905e-15 	0 	0 	
0.125 -2.93907e-15 	0 	0 	
0.135 -4.40863e-14 	0 	0 	
0.145 -9.11116e-14 	-4.73142e-30 	0 	
0.155 -1.08746e-13 	0 	0 	
0.165 -1.23441e-13 	0 	0 	
0.175 -1.46954e-13 	0 	0 	
0.185 -1.49893e-13 	0 	0 	
0.195 -1.2932e-13 	0 	0 	
0.205 -1.14624e-13 	0 	0 	
0.215 -9.40506e-14 	0 	0 	
0.225 -3.5269e-14 	0 	0 	
0.235 5.87817e-14 	9.46283e-30 	0 	
0.245 1.32259e-13 	0 	0 	
0.255 1.6165e-13 	0 	0 	
0.265 1.73406e-13 	0 	0 	
0.275 1.49893e-13 	0 	0 	
0.285 1.05807e-13 	0 	0 	
0.295 8.22944e-14 	0 	0 	
0.305 6.7599e-14 	0 	0 	
0.315 5.87817e-14 	0 	0 	
0.325 6.17208e-14 	0 	0 	
0.335 4.70254e-14 	0 	0 	
0.345 -2.9391e-15 	0 	0 	
0.355 -8.22945e-14 	0 	0 	
0.365 -1.67528e-13 	0 	0 	
0.375 -2.23371e-13 	0 	0 	
0.385 0.89015 	0 	0 	
0.395 6.3893 	0 	0 	
0.405 19.6956 	0 	0 	
0.415 38.8161 	0 	0 	
0.425 60.201 	0 	0 	
0.435 81.8413 	0 	0 	
0.445 101.713 	0 	0 	
0.455 117.304 	0 	0 	
0.465 126.381 	0 	0 	
0.475 129.486 	0 	0 	
0.485 129.95 	0 	0 	
0.495 130.008 	0 	0 	
0.505 130.276 	0 	0 	
0.515 130.694 	0 	0 	
0.525 130.774 	0 	0 	
0.535 130.453 	0 	0 	
0.545 129.957 	0 	0 	
0.555 129.361 	0 	0 	
0.565 129.08 	0 	0 	
0.575 129.769 	-3.39058e-30 	0 	
0.585 130.273 	-2.03147e-30 	0 	
0.595 129.26 	0 	0 	
0.605 123.189 	0 	0 	
0.615 100.067 	0 	0 	
0.625 56.688 	0 	0 	
0.635 17.2313 	0 	0 	
0.645 1.61311 	0 	0 	
0.655 -1.10216e-14 	0 	0 	
0.665 -1.76345e-14 	0 	0 	
0.675 -2.42475e-14 	0 	0 	
0.685 1.32259e-14 	0 	0 	
0.695 6.83337e-14 	0 	0 	
0.705 9.47855e-14 	0 	0 	
0.715 9.25812e-14 	0 	0 	
0.725 8.59683e-14 	0 	0 	
0.735 7.49467e-14 	0 	0 	
0.745 4.40863e-14 	0 	0 	
0.755 4.40865e-15 	0 	0 	
0.765 -8.81725e-15 	0 	0 	
0.775 4.40863e-15 	0 	0 	
0.785 1.32259e-14 	0 	0 	
0.795 1.32259e-14 	0 	0 	
0.805 2.64518e-14 	0 	0 	
0.815 4.1882e-14 	-7.09712e-30 	0 	
0.825 3.08604e-14 	0 	0 	
0.835 1.32259e-14 	0 	0 	
0.845 2.20431e-14 	0 	0 	
0.855 5.29035e-14 	0 	0 	
0.865 5.73122e-14 	0 	0 	
0.875 4.40863e-15 	0 	0 	
0.885 -5.51079e-14 	0 	0 	
0.895 -6.17208e-14 	0 	0 	
0.905 -4.84949e-14 	0 	0 	
0.915 -5.73122e-14 	0 	0 	
0.925 -4.62906e-14 	0 	0 	
0.935 6.61295e-15 	0 	0 	
0.945 5.73122e-14 	0 	0 	
0.955 6.17208e-14 	0 	0 	
0.965 2.64518e-14 	0 	0 	
0.975 -4.99995e-21 	0 	0 	
0.985 -2.20432e-15 	0 	0 	
0.995 -2.44728e-31 	0 	0 	
