0.005 3.08824e-14 	0 	0 	
0.015 4.99645e-14 	0 	0 	
0.025 8.81726e-14 	0 	0 	
0.035 1.73406e-13 	0 	0 	
0.045 4.40864e-13 	0 	0 	
0.055 1.60474e-12 	0 	0 	
0.065 6.59824e-12 	0 	0 	
0.075 2.72012e-11 	0 	0 	
0.085 1.0959e-10 	0 	0 	
0.095 4.29296e-10 	0 	0 	
0.105 1.63438e-09 	0 	0 	
0.115 6.04705e-09 	0 	0 	
0.125 2.17355e-08 	0 	0 	
0.135 7.5863e-08 	0 	0 	
0.145 2.56984e-07 	-5.05771e-30 	0 	
0.155 8.4442e-07 	9.78913e-31 	0 	
0.165 2.68991e-06 	0 	0 	
0.175 8.30177e-06 	0 	0 	
0.185 2.48068e-05 	0 	0 	
0.195 7.17183e-05 	0 	0 	
0.205 0.000200457 	0 	0 	
0.215 0.000541242 	0 	0 	
0.225 0.00141048 	0 	0 	
0.235 0.00354444 	1.10944e-29 	0 	
0.245 0.00858045 	3.26312e-31 	0 	
0.255 0.0199898 	0 	0 	
0.265 0.0447688 	0 	0 	
0.275 0.0962808 	0 	0 	
0.285 0.198626 	0 	0 	
0.295 0.392681 	0 	0 	
0.305 0.743358 	0 	0 	
0.315 1.34674 	0 	0 	
0.325 2.33475 	0 	0 	
0.335 3.87476 	0 	0 	
0.345 6.16213 	0 	0 	
0.355 9.40623 	0 	0 	
0.365 13.814 	0 	0 	
0.375 19.5718 	0 	0 	
0.385 26.8146 	0 	0 	
0.395 35.5921 	0 	0 	
0.405 45.8457 	0 	0 	
0.415 57.377 	0 	0 	
0.425 69.8018 	0 	0 	
0.435 82.5068 	0 	0 	
0.445 94.6635 	0 	0 	
0.455 105.379 	0 	0 	
0.465 113.982 	0 	0 	
0.475 120.266 	0 	0 	
0.485 124.476 	0 	0 	
0.495 127.077 	0 	0 	
0.505 128.566 	0 	0 	
0.515 129.389 	0 	0 	
0.525 129.825 	0 	0 	
0.535 130.008 	0 	0 	
0.545 130.026 	0 	0 	
0.555 129.903 	0 	0 	
0.565 129.573 	0 	0 	
0.575 128.852 	-1.77088e-30 	0 	
0.585 127.408 	-1.15615e-30 	0 	
0.595 124.729 	0 	0 	
0.605 120.127 	0 	0 	
0.615 112.823 	0 	0 	
0.625 102.157 	0 	0 	
0.635 87.9567 	0 	0 	
0.645 70.9355 	0 	0 	
0.655 52.8492 	0 	0 	
0.665 36.0366 	0 	0 	
0.675 22.4462 	0 	0 	
0.685 12.8489 	0 	0 	
0.695 6.83751 	0 	0 	
0.705 3.42544 	0 	0 	
0.715 1.63242 	0 	0 	
0.725 0.745273 	0 	0 	
0.735 0.327357 	0 	0 	
0.745 0.138678 	0 	0 	
0.755 0.0567384 	0 	0 	
0.765 0.0224396 	0 	0 	
0.775 0.00858405 	0 	0 	
0.785 0.00317791 	0 	0 	
0.795 0.00113914 	0 	0 	
0.805 0.000395553 	-1.22364e-31 	0 	
0.815 0.000133116 	-1.05233e-29 	0 	
0.825 4.3437e-05 	0 	0 	
0.835 1.37496e-05 	0 	0 	
0.845 4.22397e-06 	0 	0 	
0.855 1.25991e-06 	0 	0 	
0.865 3.65031e-07 	0 	0 	
0.875 1.02771e-07 	0 	0 	
0.885 2.81273e-08 	0 	0 	
0.895 7.48628e-09 	0 	0 	
0.905 1.93839e-09 	0 	0 	
0.915 4.88462e-10 	0 	0 	
0.925 1.19842e-10 	0 	0 	
0.935 2.86208e-11 	0 	0 	
0.945 6.65041e-12 	0 	0 	
0.955 1.50555e-12 	0 	0 	
0.965 3.3726e-13 	0 	0 	
0.975 7.93554e-14 	0 	0 	
0.985 1.76345e-14 	0 	0 	
0.995 2.20432e-15 	0 	0 	
