0.005 1.22535e-14 	0 	0 	
0.015 2.35127e-14 	0 	0 	
0.025 4.11472e-14 	0 	0 	
0.035 6.46599e-14 	0 	0 	
0.045 6.7599e-14 	0 	0 	
0.055 4.99645e-14 	0 	0 	
0.065 3.233e-14 	0 	0 	
0.075 2.92473e-25 	0 	0 	
0.085 -2.05736e-14 	0 	0 	
0.095 2.93905e-15 	0 	0 	
0.105 2.05736e-14 	0 	0 	
0.115 2.93908e-15 	0 	0 	
0.125 -3.5269e-14 	0 	0 	
0.135 -7.05381e-14 	0 	0 	
0.145 8.81725e-14 	-3.42619e-30 	0 	
0.155 1.32259e-12 	0 	0 	
0.165 8.25296e-12 	0 	0 	
0.175 4.54531e-11 	0 	0 	
0.185 2.37152e-10 	0 	0 	
0.195 1.18539e-09 	0 	0 	
0.205 5.68793e-09 	0 	0 	
0.215 2.6196e-08 	0 	0 	
0.225 1.15725e-07 	0 	0 	
0.235 4.9002e-07 	6.85239e-30 	0 	
0.245 1.98718e-06 	0 	0 	
0.255 7.71092e-06 	0 	0 	
0.265 2.86009e-05 	0 	0 	
0.275 0.000101292 	0 	0 	
0.285 0.000342102 	0 	0 	
0.295 0.00110035 	0 	0 	
0.305 0.00336548 	0 	0 	
0.315 0.00977215 	0 	0 	
0.325 0.0268896 	0 	0 	
0.335 0.0699841 	0 	0 	
0.345 0.171945 	0 	0 	
0.355 0.398046 	0 	0 	
0.365 0.866795 	0 	0 	
0.375 1.77355 	0 	0 	
0.385 3.40839 	0 	0 	
0.395 6.15605 	0 	0 	
0.405 10.4673 	0 	0 	
0.415 16.8002 	0 	0 	
0.425 25.5394 	0 	0 	
0.435 36.9062 	0 	0 	
0.445 50.8632 	0 	0 	
0.455 66.9986 	0 	0 	
0.465 84.3657 	0 	0 	
0.475 101.307 	0 	0 	
0.485 115.516 	0 	0 	
0.495 124.893 	0 	0 	
0.505 129.133 	0 	0 	
0.515 130.111 	0 	0 	
0.525 129.854 	0 	0 	
0.535 128.827 	0 	0 	
0.545 126.344 	0 	0 	
0.555 121.27 	0 	0 	
0.565 112.306 	0 	0 	
0.575 98.5304 	-2.39879e-30 	0 	
0.585 80.1834 	-1.94442e-31 	0 	
0.595 59.2654 	0 	0 	
0.605 39.1418 	0 	0 	
0.615 22.9495 	0 	0 	
0.625 12.012 	0 	0 	
0.635 5.69601 	0 	0 	
0.645 2.48942 	0 	0 	
0.655 1.01675 	0 	0 	
0.665 0.391568 	0 	0 	
0.675 0.142923 	0 	0 	
0.685 0.0495871 	0 	0 	
0.695 0.0163831 	0 	0 	
0.705 0.00516118 	0 	0 	
0.715 0.00155204 	0 	0 	
0.725 0.000445941 	0 	0 	
0.735 0.000122538 	0 	0 	
0.745 3.22288e-05 	0 	0 	
0.755 8.11981e-06 	0 	0 	
0.765 1.96108e-06 	0 	0 	
0.775 4.54347e-07 	0 	0 	
0.785 1.0104e-07 	0 	0 	
0.795 2.15806e-08 	0 	0 	
0.805 4.42908e-09 	0 	0 	
0.815 8.73875e-10 	-6.11819e-30 	0 	
0.825 1.65828e-10 	0 	0 	
0.835 3.02719e-11 	0 	0 	
0.845 5.30578e-12 	0 	0 	
0.855 8.90543e-13 	0 	0 	
0.865 1.41076e-13 	0 	0 	
0.875 1.76345e-14 	0 	0 	
0.885 1.54302e-14 	0 	0 	
0.895 1.98388e-14 	0 	0 	
0.905 -4.40863e-15 	0 	0 	
0.915 -2.64518e-14 	0 	0 	
0.925 -2.20432e-14 	0 	0 	
0.935 2.2043e-15 	0 	0 	
0.945 2.86561e-14 	0 	0 	
0.955 2.86561e-14 	0 	0 	
0.965 1.10216e-14 	0 	0 	
0.975 1.10216e-14 	0 	0 	
0.985 1.32259e-14 	0 	0 	
0.995 4.40863e-15 	0 	0 	
