0.005 273.15 303975
0.015 273.15 303975
0.025 273.15 303975
0.035 273.15 303975
0.045 273.15 303975
0.055 273.15 303975
0.065 273.15 303975
0.075 273.15 303975
0.085 273.15 303975
0.095 273.15 303975
0.105 273.15 303975
0.115 273.15 303975
0.125 273.15 303975
0.135 273.15 303975
0.145 273.15 303975
0.155 273.15 303975
0.165 273.15 303975
0.175 273.15 303975
0.185 273.15 303975
0.195 273.15 303975
0.205 273.15 303975
0.215 273.15 303975
0.225 273.15 303975
0.235 273.15 303975
0.245 273.15 303975
0.255 273.15 303975
0.265 273.15 303975
0.275 273.15 303975
0.285 273.15 303975
0.295 273.15 303974
0.305 273.15 303973
0.315 273.149 303968
0.325 273.145 303956
0.335 273.136 303921
0.345 273.114 303835
0.355 273.063 303635
0.365 272.951 303200
0.375 272.725 302319
0.385 272.3 300665
0.395 271.56 297786
0.405 270.36 293143
0.415 268.553 286198
0.425 266.011 276554
0.435 262.661 264085
0.445 258.512 249058
0.455 253.682 232194
0.465 248.449 214705
0.475 243.314 198283
0.485 239.127 184931
0.495 237.854 176278
0.505 242.731 172362
0.515 255.553 171297
0.525 273.978 170881
0.535 292.416 169938
0.545 305.575 167784
0.555 311.37 163634
0.565 310.795 156824
0.575 305.914 147301
0.585 298.663 136022
0.595 290.815 124796
0.605 283.948 115447
0.615 278.993 108906
0.625 275.989 105001
0.635 274.413 102960
0.645 273.672 102002
0.655 273.353 101588
0.665 273.225 101422
0.675 273.176 101359
0.685 273.159 101336
0.695 273.153 101329
0.705 273.151 101326
0.715 273.15 101325
0.725 273.15 101325
0.735 273.15 101325
0.745 273.15 101325
0.755 273.15 101325
0.765 273.15 101325
0.775 273.15 101325
0.785 273.15 101325
0.795 273.15 101325
0.805 273.15 101325
0.815 273.15 101325
0.825 273.15 101325
0.835 273.15 101325
0.845 273.15 101325
0.855 273.15 101325
0.865 273.15 101325
0.875 273.15 101325
0.885 273.15 101325
0.895 273.15 101325
0.905 273.15 101325
0.915 273.15 101325
0.925 273.15 101325
0.935 273.15 101325
0.945 273.15 101325
0.955 273.15 101325
0.965 273.15 101325
0.975 273.15 101325
0.985 273.15 101325
0.995 273.15 101325
