0.005 273.15 303975
0.015 273.15 303975
0.025 273.15 303975
0.035 273.15 303975
0.045 273.15 303975
0.055 273.15 303975
0.065 273.15 303975
0.075 273.15 303975
0.085 273.15 303975
0.095 273.15 303975
0.105 273.15 303975
0.115 273.15 303975
0.125 273.15 303975
0.135 273.15 303975
0.145 273.15 303975
0.155 273.15 303975
0.165 273.15 303975
0.175 273.15 303975
0.185 273.15 303975
0.195 273.15 303975
0.205 273.15 303975
0.215 273.15 303974
0.225 273.149 303972
0.235 273.148 303968
0.245 273.146 303958
0.255 273.14 303937
0.265 273.129 303892
0.275 273.105 303801
0.285 273.06 303627
0.295 272.978 303305
0.305 272.834 302743
0.315 272.592 301804
0.325 272.209 300314
0.335 271.629 298065
0.345 270.792 294836
0.355 269.641 290419
0.365 268.124 284651
0.375 266.206 277447
0.385 263.871 268817
0.395 261.126 258876
0.405 258.002 247841
0.415 254.556 236025
0.425 250.877 223824
0.435 247.091 211723
0.445 243.378 200297
0.455 239.976 190197
0.465 237.164 182077
0.475 235.196 176395
0.485 234.123 173140
0.495 233.868 171736
0.505 234.937 171337
0.515 238.784 171284
0.525 246.913 171289
0.535 259.517 171287
0.545 274.91 171264
0.555 290.196 171199
0.565 302.687 171040
0.575 311.084 170684
0.585 315.586 169950
0.595 317.154 168558
0.605 316.703 166127
0.615 314.741 162228
0.625 311.414 156515
0.635 306.746 148916
0.645 300.912 139841
0.655 294.425 130223
0.665 288.101 121262
0.675 282.746 113950
0.685 278.801 108700
0.695 276.238 105340
0.705 274.736 103385
0.715 273.925 102331
0.725 273.512 101796
0.735 273.313 101537
0.745 273.221 101417
0.755 273.18 101364
0.765 273.162 101341
0.775 273.155 101331
0.785 273.152 101328
0.795 273.151 101326
0.805 273.15 101325
0.815 273.15 101325
0.825 273.15 101325
0.835 273.15 101325
0.845 273.15 101325
0.855 273.15 101325
0.865 273.15 101325
0.875 273.15 101325
0.885 273.15 101325
0.895 273.15 101325
0.905 273.15 101325
0.915 273.15 101325
0.925 273.15 101325
0.935 273.15 101325
0.945 273.15 101325
0.955 273.15 101325
0.965 273.15 101325
0.975 273.15 101325
0.985 273.15 101325
0.995 273.15 101325
