0.005 273.15 303975
0.015 273.15 303975
0.025 273.15 303975
0.035 273.15 303975
0.045 273.15 303975
0.055 273.15 303975
0.065 273.15 303975
0.075 273.15 303975
0.085 273.15 303975
0.095 273.15 303975
0.105 273.15 303975
0.115 273.15 303975
0.125 273.15 303975
0.135 273.15 303975
0.145 273.15 303975
0.155 273.15 303975
0.165 273.15 303975
0.175 273.15 303975
0.185 273.15 303975
0.195 273.15 303975
0.205 273.15 303975
0.215 273.15 303975
0.225 273.15 303975
0.235 273.15 303975
0.245 273.15 303975
0.255 273.15 303975
0.265 273.15 303975
0.275 273.15 303975
0.285 273.15 303975
0.295 273.15 303975
0.305 273.15 303975
0.315 273.15 303975
0.325 273.15 303975
0.335 273.15 303975
0.345 273.15 303975
0.355 273.15 303975
0.365 273.148 303966
0.375 272.578 301759
0.385 270.195 292701
0.395 265.62 275831
0.405 259.762 255183
0.415 253.487 234281
0.425 247.244 214689
0.435 241.48 197608
0.445 236.772 184354
0.455 233.784 176180
0.465 232.483 172708
0.475 232.032 171633
0.485 231.979 171284
0.495 232.054 171202
0.505 232.046 171243
0.515 232.774 171444
0.525 237.885 171773
0.535 253.222 171985
0.545 278.752 171980
0.555 303.544 171798
0.565 316.672 171394
0.575 319.463 171065
0.585 319.238 171105
0.595 318.952 171112
0.605 318.793 171113
0.615 318.32 170349
0.625 314.762 163985
0.635 304.097 146300
0.645 288.209 122147
0.655 276.642 105894
0.665 273.26 101465
0.675 273.15 101325
0.685 273.15 101325
0.695 273.15 101325
0.705 273.15 101325
0.715 273.15 101325
0.725 273.15 101325
0.735 273.15 101325
0.745 273.15 101325
0.755 273.15 101325
0.765 273.15 101325
0.775 273.15 101325
0.785 273.15 101325
0.795 273.15 101325
0.805 273.15 101325
0.815 273.15 101325
0.825 273.15 101325
0.835 273.15 101325
0.845 273.15 101325
0.855 273.15 101325
0.865 273.15 101325
0.875 273.15 101325
0.885 273.15 101325
0.895 273.15 101325
0.905 273.15 101325
0.915 273.15 101325
0.925 273.15 101325
0.935 273.15 101325
0.945 273.15 101325
0.955 273.15 101325
0.965 273.15 101325
0.975 273.15 101325
0.985 273.15 101325
0.995 273.15 101325
