0.005 2.15679e-14 	0 	0 	
0.015 4.11472e-14 	0 	0 	
0.025 7.64163e-14 	0 	0 	
0.035 9.9929e-14 	0 	0 	
0.045 9.11118e-14 	0 	0 	
0.055 6.7599e-14 	0 	0 	
0.065 2.35127e-14 	0 	0 	
0.075 -1.46954e-14 	0 	0 	
0.085 -2.9391e-15 	0 	0 	
0.095 6.17207e-14 	0 	0 	
0.105 2.93908e-13 	0 	0 	
0.115 1.5342e-12 	0 	0 	
0.125 7.73567e-12 	0 	0 	
0.135 3.7144e-11 	0 	0 	
0.145 1.71719e-10 	-4.24195e-30 	0 	
0.155 7.66377e-10 	0 	0 	
0.165 3.30387e-09 	0 	0 	
0.175 1.37547e-08 	0 	0 	
0.185 5.5272e-08 	0 	0 	
0.195 2.14254e-07 	0 	0 	
0.205 8.00633e-07 	0 	0 	
0.215 2.88204e-06 	0 	0 	
0.225 9.98577e-06 	0 	0 	
0.235 3.32739e-05 	9.78913e-30 	0 	
0.245 0.000106526 	0 	0 	
0.255 0.000327339 	0 	0 	
0.265 0.000964371 	0 	0 	
0.275 0.00272065 	0 	0 	
0.285 0.00734043 	0 	0 	
0.295 0.0189139 	0 	0 	
0.305 0.0464745 	0 	0 	
0.315 0.108732 	0 	0 	
0.325 0.241853 	0 	0 	
0.335 0.510736 	0 	0 	
0.345 1.02284 	0 	0 	
0.355 1.9413 	0 	0 	
0.365 3.49175 	0 	0 	
0.375 5.95645 	0 	0 	
0.385 9.65203 	0 	0 	
0.395 14.8925 	0 	0 	
0.405 21.9443 	0 	0 	
0.415 30.9822 	0 	0 	
0.425 42.0486 	0 	0 	
0.435 55.0123 	0 	0 	
0.445 69.5105 	0 	0 	
0.455 84.8541 	0 	0 	
0.465 99.9059 	0 	0 	
0.475 113.058 	0 	0 	
0.485 122.648 	0 	0 	
0.495 127.95 	0 	0 	
0.505 129.877 	0 	0 	
0.515 130.199 	0 	0 	
0.525 130.103 	0 	0 	
0.535 129.847 	0 	0 	
0.545 129.247 	0 	0 	
0.555 127.901 	0 	0 	
0.565 125.143 	0 	0 	
0.575 120.054 	-2.42857e-30 	0 	
0.585 111.611 	-1.06759e-30 	0 	
0.595 99.0551 	0 	0 	
0.605 82.4592 	0 	0 	
0.615 63.2272 	0 	0 	
0.625 43.9882 	0 	0 	
0.635 27.5557 	0 	0 	
0.645 15.5789 	0 	0 	
0.655 8.03735 	0 	0 	
0.665 3.84052 	0 	0 	
0.675 1.72267 	0 	0 	
0.685 0.732265 	0 	0 	
0.695 0.296686 	0 	0 	
0.705 0.114951 	0 	0 	
0.715 0.0426729 	0 	0 	
0.725 0.0151967 	0 	0 	
0.735 0.00519648 	0 	0 	
0.745 0.00170759 	0 	0 	
0.755 0.000539624 	0 	0 	
0.765 0.000164113 	0 	0 	
0.775 4.80649e-05 	0 	0 	
0.785 1.35654e-05 	0 	0 	
0.795 3.6917e-06 	0 	0 	
0.805 9.69309e-07 	0 	0 	
0.815 2.45687e-07 	-8.07603e-30 	0 	
0.825 6.01468e-08 	0 	0 	
0.835 1.42287e-08 	0 	0 	
0.845 3.25415e-09 	0 	0 	
0.855 7.1982e-10 	0 	0 	
0.865 1.54104e-10 	0 	0 	
0.875 3.19449e-11 	0 	0 	
0.885 6.39693e-12 	0 	0 	
0.895 1.23442e-12 	0 	0 	
0.905 2.35862e-13 	0 	0 	
0.915 3.30647e-14 	0 	0 	
0.925 -1.54302e-14 	0 	0 	
0.935 4.40863e-15 	0 	0 	
0.945 2.64518e-14 	0 	0 	
0.955 1.54302e-14 	0 	0 	
0.965 2.20432e-15 	0 	0 	
0.975 0 	0 	0 	
0.985 0 	0 	0 	
0.995 0 	0 	0 	
