0.005 273.15 303975
0.015 273.15 303975
0.025 273.15 303975
0.035 273.15 303975
0.045 273.15 303975
0.055 273.15 303975
0.065 273.15 303975
0.075 273.15 303975
0.085 273.15 303975
0.095 273.15 303975
0.105 273.15 303975
0.115 273.15 303975
0.125 273.15 303975
0.135 273.15 303975
0.145 273.15 303975
0.155 273.15 303975
0.165 273.15 303975
0.175 273.15 303975
0.185 273.15 303975
0.195 273.15 303975
0.205 273.15 303975
0.215 273.15 303975
0.225 273.15 303975
0.235 273.15 303975
0.245 273.15 303975
0.255 273.15 303975
0.265 273.15 303974
0.275 273.149 303971
0.285 273.148 303965
0.295 273.144 303951
0.305 273.135 303915
0.315 273.114 303836
0.325 273.071 303665
0.335 272.982 303321
0.345 272.814 302666
0.355 272.513 301494
0.365 272.006 299525
0.375 271.204 296418
0.385 270.009 291813
0.395 268.328 285387
0.405 266.087 276930
0.415 263.247 266405
0.425 259.812 253982
0.435 255.84 240057
0.445 251.456 225256
0.455 246.877 210438
0.465 242.437 196701
0.475 238.651 185310
0.485 235.909 177349
0.495 234.845 173069
0.505 237.445 171521
0.515 246.008 171216
0.525 260.669 171158
0.535 278.547 171014
0.545 295.181 170633
0.555 307.114 169756
0.565 313.375 167962
0.575 314.888 164688
0.585 313.006 159377
0.595 308.693 151751
0.605 302.605 142141
0.615 295.52 131625
0.625 288.51 121726
0.635 282.627 113742
0.645 278.43 108193
0.655 275.843 104818
0.665 274.427 102980
0.675 273.72 102065
0.685 273.392 101639
0.695 273.248 101452
0.705 273.188 101374
0.715 273.164 101343
0.725 273.155 101332
0.735 273.151 101328
0.745 273.15 101326
0.755 273.15 101325
0.765 273.15 101325
0.775 273.15 101325
0.785 273.15 101325
0.795 273.15 101325
0.805 273.15 101325
0.815 273.15 101325
0.825 273.15 101325
0.835 273.15 101325
0.845 273.15 101325
0.855 273.15 101325
0.865 273.15 101325
0.875 273.15 101325
0.885 273.15 101325
0.895 273.15 101325
0.905 273.15 101325
0.915 273.15 101325
0.925 273.15 101325
0.935 273.15 101325
0.945 273.15 101325
0.955 273.15 101325
0.965 273.15 101325
0.975 273.15 101325
0.985 273.15 101325
0.995 273.15 101325
