0.005 273.15 303975
0.015 273.15 303975
0.025 273.15 303975
0.035 273.15 303975
0.045 273.15 303975
0.055 273.15 303975
0.065 273.15 303975
0.075 273.15 303975
0.085 273.15 303975
0.095 273.15 303975
0.105 273.15 303975
0.115 273.15 303975
0.125 273.15 303975
0.135 273.15 303975
0.145 273.15 303975
0.155 273.15 303975
0.165 273.15 303975
0.175 273.15 303975
0.185 273.15 303975
0.195 273.15 303975
0.205 273.15 303975
0.215 273.15 303975
0.225 273.15 303975
0.235 273.15 303975
0.245 273.15 303975
0.255 273.15 303975
0.265 273.15 303975
0.275 273.15 303975
0.285 273.15 303975
0.295 273.15 303975
0.305 273.15 303975
0.315 273.15 303975
0.325 273.15 303975
0.335 273.15 303975
0.345 273.15 303975
0.355 273.15 303975
0.365 273.15 303975
0.375 273.15 303975
0.385 273.15 303975
0.395 273.04 303542
0.405 271.744 298547
0.415 267.776 283691
0.425 261.378 260812
0.435 253.955 235872
0.445 246.561 212667
0.455 240.104 193656
0.465 235.428 180571
0.475 232.964 173844
0.485 232.321 172012
0.495 232.569 172116
0.505 234.333 172190
0.515 241.176 171845
0.525 256.346 171253
0.535 277.94 170865
0.545 299.111 170888
0.555 313.12 171245
0.565 318.691 171672
0.575 319.612 171628
0.585 318.428 169497
0.595 312.353 159329
0.605 298.337 137239
0.615 282.709 114257
0.625 274.639 103216
0.635 273.15 101325
0.645 273.15 101325
0.655 273.15 101325
0.665 273.15 101325
0.675 273.15 101325
0.685 273.15 101325
0.695 273.15 101325
0.705 273.15 101325
0.715 273.15 101325
0.725 273.15 101325
0.735 273.15 101325
0.745 273.15 101325
0.755 273.15 101325
0.765 273.15 101325
0.775 273.15 101325
0.785 273.15 101325
0.795 273.15 101325
0.805 273.15 101325
0.815 273.15 101325
0.825 273.15 101325
0.835 273.15 101325
0.845 273.15 101325
0.855 273.15 101325
0.865 273.15 101325
0.875 273.15 101325
0.885 273.15 101325
0.895 273.15 101325
0.905 273.15 101325
0.915 273.15 101325
0.925 273.15 101325
0.935 273.15 101325
0.945 273.15 101325
0.955 273.15 101325
0.965 273.15 101325
0.975 273.15 101325
0.985 273.15 101325
0.995 273.15 101325
