0.005 273.15 303975
0.015 273.15 303975
0.025 273.15 303975
0.035 273.15 303975
0.045 273.15 303975
0.055 273.15 303975
0.065 273.15 303975
0.075 273.15 303975
0.085 273.15 303975
0.095 273.15 303975
0.105 273.15 303975
0.115 273.15 303975
0.125 273.15 303975
0.135 273.15 303975
0.145 273.15 303975
0.155 273.15 303975
0.165 273.15 303975
0.175 273.15 303975
0.185 273.15 303975
0.195 273.15 303975
0.205 273.15 303975
0.215 273.15 303975
0.225 273.15 303975
0.235 273.15 303975
0.245 273.15 303975
0.255 273.15 303975
0.265 273.15 303975
0.275 273.15 303975
0.285 273.15 303975
0.295 273.15 303975
0.305 273.15 303975
0.315 273.15 303975
0.325 273.15 303975
0.335 273.15 303974
0.345 273.149 303971
0.355 273.147 303962
0.365 273.139 303932
0.375 273.116 303844
0.385 273.055 303605
0.395 272.904 303012
0.405 272.564 301669
0.415 271.872 298916
0.425 270.606 293838
0.435 268.534 285448
0.445 265.518 273097
0.455 261.659 256959
0.465 257.435 238299
0.475 253.779 219272
0.485 252.023 202247
0.495 253.573 188958
0.505 259.27 179837
0.515 268.678 173833
0.525 279.831 168849
0.535 289.736 162584
0.545 295.511 153506
0.555 295.749 141670
0.565 291.364 128878
0.575 285.08 117675
0.585 279.607 109737
0.595 276.117 105123
0.605 274.349 102859
0.615 273.589 101889
0.625 273.298 101517
0.635 273.197 101385
0.645 273.164 101343
0.655 273.154 101330
0.665 273.151 101326
0.675 273.15 101325
0.685 273.15 101325
0.695 273.15 101325
0.705 273.15 101325
0.715 273.15 101325
0.725 273.15 101325
0.735 273.15 101325
0.745 273.15 101325
0.755 273.15 101325
0.765 273.15 101325
0.775 273.15 101325
0.785 273.15 101325
0.795 273.15 101325
0.805 273.15 101325
0.815 273.15 101325
0.825 273.15 101325
0.835 273.15 101325
0.845 273.15 101325
0.855 273.15 101325
0.865 273.15 101325
0.875 273.15 101325
0.885 273.15 101325
0.895 273.15 101325
0.905 273.15 101325
0.915 273.15 101325
0.925 273.15 101325
0.935 273.15 101325
0.945 273.15 101325
0.955 273.15 101325
0.965 273.15 101325
0.975 273.15 101325
0.985 273.15 101325
0.995 273.15 101325
