0.005 2.15679e-14 	0 	0 	
0.015 3.82081e-14 	0 	0 	
0.025 6.75988e-14 	0 	0 	
0.035 8.81723e-14 	0 	0 	
0.045 8.22943e-14 	0 	0 	
0.055 5.29036e-14 	0 	0 	
0.065 -1.46954e-14 	0 	0 	
0.075 -5.87817e-14 	0 	0 	
0.085 -3.82081e-14 	0 	0 	
0.095 2.9391e-15 	0 	0 	
0.105 3.23299e-14 	0 	0 	
0.115 2.35127e-14 	0 	0 	
0.125 -1.17563e-14 	0 	0 	
0.135 -7.64162e-14 	0 	0 	
0.145 -1.5871e-13 	-3.26305e-31 	0 	
0.155 -1.70467e-13 	0 	0 	
0.165 -1.20502e-13 	0 	0 	
0.175 -7.64162e-14 	0 	0 	
0.185 -2.93909e-14 	0 	0 	
0.195 4.40863e-14 	0 	0 	
0.205 1.70467e-13 	0 	0 	
0.215 9.19934e-13 	0 	0 	
0.225 6.65998e-12 	0 	0 	
0.235 4.76339e-11 	6.52609e-31 	0 	
0.245 3.24378e-10 	0 	0 	
0.255 2.09129e-09 	0 	0 	
0.265 1.27463e-08 	0 	0 	
0.275 7.34034e-08 	0 	0 	
0.285 3.99149e-07 	0 	0 	
0.295 2.04783e-06 	0 	0 	
0.305 9.90282e-06 	0 	0 	
0.315 4.50828e-05 	0 	0 	
0.325 0.000192941 	0 	0 	
0.335 0.000774946 	0 	0 	
0.345 0.0029154 	0 	0 	
0.355 0.0102499 	0 	0 	
0.365 0.03359 	0 	0 	
0.375 0.102307 	0 	0 	
0.385 0.288683 	0 	0 	
0.395 0.752213 	0 	0 	
0.405 1.80433 	0 	0 	
0.415 3.9742 	0 	0 	
0.425 8.0253 	0 	0 	
0.435 14.8531 	0 	0 	
0.445 25.2196 	0 	0 	
0.455 39.3671 	0 	0 	
0.465 56.6575 	0 	0 	
0.475 75.4551 	0 	0 	
0.485 93.4413 	0 	0 	
0.495 108.336 	0 	0 	
0.505 118.603 	0 	0 	
0.515 123.578 	0 	0 	
0.525 122.909 	0 	0 	
0.535 115.975 	0 	0 	
0.545 102.105 	0 	0 	
0.555 81.8191 	0 	0 	
0.565 58.0789 	0 	0 	
0.575 35.7556 	-8.85811e-31 	0 	
0.585 18.9474 	-2.32716e-31 	0 	
0.595 8.72098 	0 	0 	
0.605 3.55896 	0 	0 	
0.615 1.31594 	0 	0 	
0.625 0.447812 	0 	0 	
0.635 0.141538 	0 	0 	
0.645 0.0417596 	0 	0 	
0.655 0.0115357 	0 	0 	
0.665 0.00298976 	0 	0 	
0.675 0.000728201 	0 	0 	
0.685 0.000166917 	0 	0 	
0.695 3.60502e-05 	0 	0 	
0.705 7.34409e-06 	0 	0 	
0.715 1.41247e-06 	0 	0 	
0.725 2.5666e-07 	0 	0 	
0.735 4.40899e-08 	0 	0 	
0.745 7.16339e-09 	0 	0 	
0.755 1.10111e-09 	0 	0 	
0.765 1.60161e-10 	0 	0 	
0.775 2.20387e-11 	0 	0 	
0.785 2.84797e-12 	0 	0 	
0.795 3.15217e-13 	0 	0 	
0.805 1.54302e-14 	0 	0 	
0.815 1.76345e-14 	-4.89455e-31 	0 	
0.825 3.96777e-14 	0 	0 	
0.835 3.74734e-14 	0 	0 	
0.845 2.20432e-14 	0 	0 	
0.855 -4.40862e-15 	0 	0 	
0.865 -2.64518e-14 	0 	0 	
0.875 -1.10216e-14 	0 	0 	
0.885 1.98388e-14 	0 	0 	
0.895 2.20432e-14 	0 	0 	
0.905 2.20433e-15 	0 	0 	
0.915 -1.54302e-14 	0 	0 	
0.925 -1.98388e-14 	0 	0 	
0.935 -1.32259e-14 	0 	0 	
0.945 6.61295e-15 	0 	0 	
0.955 2.64518e-14 	0 	0 	
0.965 1.76345e-14 	0 	0 	
0.975 2.20432e-15 	0 	0 	
0.985 0 	0 	0 	
0.995 0 	0 	0 	
