0.005 2.79433e-14 	0 	0 	
0.015 4.70253e-14 	0 	0 	
0.025 7.64162e-14 	0 	0 	
0.035 9.69898e-14 	0 	0 	
0.045 1.20503e-13 	0 	0 	
0.055 2.35127e-13 	0 	0 	
0.065 8.58212e-13 	0 	0 	
0.075 3.84433e-12 	0 	0 	
0.085 1.67998e-11 	0 	0 	
0.095 7.09261e-11 	0 	0 	
0.105 2.90435e-10 	0 	0 	
0.115 1.1545e-09 	0 	0 	
0.125 4.45526e-09 	0 	0 	
0.135 1.66851e-08 	0 	0 	
0.145 6.06121e-08 	-8.15761e-31 	0 	
0.155 2.1347e-07 	3.26303e-31 	0 	
0.165 7.28482e-07 	0 	0 	
0.175 2.40735e-06 	0 	0 	
0.185 7.69877e-06 	0 	0 	
0.195 2.38101e-05 	0 	0 	
0.205 7.11601e-05 	0 	0 	
0.215 0.000205353 	0 	0 	
0.225 0.000571717 	3.26305e-31 	0 	
0.235 0.0015342 	1.63153e-30 	0 	
0.245 0.00396434 	6.52614e-31 	0 	
0.255 0.00985358 	0 	0 	
0.265 0.0235321 	0 	0 	
0.275 0.0539334 	0 	0 	
0.285 0.11848 	0 	0 	
0.295 0.249162 	0 	0 	
0.305 0.500994 	0 	0 	
0.315 0.962076 	0 	0 	
0.325 1.76285 	0 	0 	
0.335 3.0803 	0 	0 	
0.345 5.13186 	0 	0 	
0.355 8.15517 	0 	0 	
0.365 12.3738 	0 	0 	
0.375 17.9553 	0 	0 	
0.385 24.9718 	0 	0 	
0.395 33.3743 	0 	0 	
0.405 42.9871 	0 	0 	
0.415 53.5208 	0 	0 	
0.425 64.5981 	0 	0 	
0.435 75.7852 	0 	0 	
0.445 86.6264 	0 	0 	
0.455 96.6819 	0 	0 	
0.465 105.571 	0 	0 	
0.475 113.018 	0 	0 	
0.485 118.89 	0 	0 	
0.495 123.22 	0 	0 	
0.505 126.184 	0 	0 	
0.515 128.054 	0 	0 	
0.525 129.132 	0 	0 	
0.535 129.678 	0 	0 	
0.545 129.863 	0 	0 	
0.555 129.739 	0 	0 	
0.565 129.204 	0 	0 	
0.575 127.978 	-9.606e-31 	0 	
0.585 125.58 	-3.29081e-31 	0 	
0.595 121.324 	0 	0 	
0.605 114.402 	0 	0 	
0.615 104.083 	0 	0 	
0.625 90.0881 	0 	0 	
0.635 73.031 	0 	0 	
0.645 54.6381 	0 	0 	
0.655 37.335 	0 	0 	
0.665 23.234 	0 	0 	
0.675 13.2414 	0 	0 	
0.685 6.9914 	0 	0 	
0.695 3.46492 	0 	0 	
0.705 1.6295 	0 	0 	
0.715 0.732622 	0 	0 	
0.725 0.31632 	0 	0 	
0.735 0.131495 	0 	0 	
0.745 0.0527068 	0 	0 	
0.755 0.0203895 	0 	0 	
0.765 0.00761772 	0 	0 	
0.775 0.00275026 	0 	0 	
0.785 0.000960038 	0 	0 	
0.795 0.000324188 	0 	0 	
0.805 0.000105955 	-2.44728e-31 	0 	
0.815 3.35339e-05 	-1.95783e-30 	0 	
0.825 1.02825e-05 	0 	0 	
0.835 3.05614e-06 	0 	0 	
0.845 8.80866e-07 	0 	0 	
0.855 2.46322e-07 	0 	0 	
0.865 6.68561e-08 	0 	0 	
0.875 1.76197e-08 	0 	0 	
0.885 4.5107e-09 	0 	0 	
0.895 1.12207e-09 	0 	0 	
0.905 2.71305e-10 	0 	0 	
0.915 6.37861e-11 	0 	0 	
0.925 1.45926e-11 	0 	0 	
0.935 3.25798e-12 	0 	0 	
0.945 7.27424e-13 	0 	0 	
0.955 1.7855e-13 	0 	0 	
0.965 4.8495e-14 	0 	0 	
0.975 8.81725e-15 	0 	0 	
0.985 0 	0 	0 	
0.995 0 	0 	0 	
