0.005 2.15679e-14 	0 	0 	
0.015 4.11472e-14 	0 	0 	
0.025 7.0538e-14 	0 	0 	
0.035 8.81725e-14 	0 	0 	
0.045 6.7599e-14 	0 	0 	
0.055 2.93909e-14 	0 	0 	
0.065 -2.93907e-15 	0 	0 	
0.075 -2.64517e-14 	0 	0 	
0.085 -2.05736e-14 	0 	0 	
0.095 1.17563e-14 	0 	0 	
0.105 2.64518e-14 	0 	0 	
0.115 8.81723e-15 	0 	0 	
0.125 -2.05736e-14 	0 	0 	
0.135 -8.22944e-14 	0 	0 	
0.145 -1.55771e-13 	-2.28413e-30 	0 	
0.155 -1.64589e-13 	6.52609e-31 	0 	
0.165 -1.2932e-13 	0 	0 	
0.175 -7.64162e-14 	0 	0 	
0.185 5.29036e-14 	0 	0 	
0.195 6.90684e-13 	0 	0 	
0.205 4.76131e-12 	0 	0 	
0.215 3.10221e-11 	0 	0 	
0.225 1.93545e-10 	0 	0 	
0.235 1.15039e-09 	3.58935e-30 	0 	
0.245 6.50423e-09 	3.26303e-31 	0 	
0.255 3.49554e-08 	0 	0 	
0.265 1.78443e-07 	0 	0 	
0.275 8.64571e-07 	0 	0 	
0.285 3.97202e-06 	0 	0 	
0.295 1.72845e-05 	0 	0 	
0.305 7.11522e-05 	0 	0 	
0.315 0.000276676 	0 	0 	
0.325 0.00101458 	0 	0 	
0.335 0.003502 	0 	0 	
0.345 0.0113537 	0 	0 	
0.355 0.0344928 	0 	0 	
0.365 0.0979441 	0 	0 	
0.375 0.259264 	0 	0 	
0.385 0.638173 	0 	0 	
0.395 1.45782 	0 	0 	
0.405 3.08738 	0 	0 	
0.415 6.06371 	0 	0 	
0.425 11.0662 	0 	0 	
0.435 18.8317 	0 	0 	
0.445 30.0224 	0 	0 	
0.455 45.0775 	0 	0 	
0.465 63.9916 	0 	0 	
0.475 85.4255 	0 	0 	
0.485 105.351 	0 	0 	
0.495 119.021 	0 	0 	
0.505 125.656 	0 	0 	
0.515 127.806 	0 	0 	
0.525 126.971 	0 	0 	
0.535 122.718 	0 	0 	
0.545 113.799 	0 	0 	
0.555 99.0885 	0 	0 	
0.565 78.9315 	0 	0 	
0.575 56.0712 	-1.0435e-30 	0 	
0.585 34.8635 	0 	0 	
0.595 18.8624 	0 	0 	
0.605 8.9611 	0 	0 	
0.615 3.81038 	0 	0 	
0.625 1.47933 	0 	0 	
0.635 0.532043 	0 	0 	
0.645 0.178794 	0 	0 	
0.655 0.0564108 	0 	0 	
0.665 0.0167573 	0 	0 	
0.675 0.00469592 	0 	0 	
0.685 0.0012433 	0 	0 	
0.695 0.000311417 	0 	0 	
0.705 7.38801e-05 	0 	0 	
0.715 1.66184e-05 	0 	0 	
0.725 3.54759e-06 	0 	0 	
0.735 7.19315e-07 	0 	0 	
0.745 1.3863e-07 	0 	0 	
0.755 2.54103e-08 	0 	0 	
0.765 4.43198e-09 	0 	0 	
0.775 7.3586e-10 	0 	0 	
0.785 1.1632e-10 	0 	0 	
0.795 1.74934e-11 	0 	0 	
0.805 2.51513e-12 	-1.22364e-31 	0 	
0.815 3.70326e-13 	-3.42619e-30 	0 	
0.825 7.0538e-14 	0 	0 	
0.835 2.20432e-14 	0 	0 	
0.845 6.61295e-15 	0 	0 	
0.855 -2.20431e-15 	0 	0 	
0.865 -1.10216e-14 	0 	0 	
0.875 -8.81727e-15 	0 	0 	
0.885 8.81726e-15 	0 	0 	
0.895 1.10216e-14 	0 	0 	
0.905 -2.20431e-15 	0 	0 	
0.915 -1.54302e-14 	0 	0 	
0.925 -1.76345e-14 	0 	0 	
0.935 -1.62845e-25 	0 	0 	
0.945 1.76345e-14 	0 	0 	
0.955 1.54302e-14 	0 	0 	
0.965 4.40863e-15 	0 	0 	
0.975 0 	0 	0 	
0.985 0 	0 	0 	
0.995 0 	0 	0 	
