0.005 5.87817e-15 	0 	0 	
0.015 1.17564e-14 	0 	0 	
0.025 1.76345e-14 	0 	0 	
0.035 2.93909e-14 	0 	0 	
0.045 2.35127e-14 	0 	0 	
0.055 1.46217e-25 	0 	0 	
0.065 -2.35127e-14 	0 	0 	
0.075 -3.5269e-14 	0 	0 	
0.085 -1.76345e-14 	0 	0 	
0.095 2.64518e-14 	0 	0 	
0.105 5.87817e-14 	0 	0 	
0.115 5.58427e-14 	0 	0 	
0.125 2.64518e-14 	0 	0 	
0.135 -4.11471e-14 	0 	0 	
0.145 -1.02868e-13 	-1.30521e-30 	0 	
0.155 -9.69898e-14 	0 	0 	
0.165 -6.46599e-14 	0 	0 	
0.175 -3.82081e-14 	0 	0 	
0.185 -5.87818e-15 	0 	0 	
0.195 2.35127e-14 	0 	0 	
0.205 3.5269e-14 	0 	0 	
0.215 2.35127e-14 	0 	0 	
0.225 1.46954e-14 	0 	0 	
0.235 1.76345e-14 	2.61042e-30 	0 	
0.245 1.17563e-14 	0 	0 	
0.255 8.81722e-15 	0 	0 	
0.265 2.35126e-14 	0 	0 	
0.275 1.79284e-13 	0 	0 	
0.285 2.34539e-12 	0 	0 	
0.295 2.89853e-11 	0 	0 	
0.305 3.23229e-10 	0 	0 	
0.315 3.25736e-09 	0 	0 	
0.325 2.97344e-08 	0 	0 	
0.335 2.46367e-07 	0 	0 	
0.345 1.85528e-06 	0 	0 	
0.355 1.27049e-05 	0 	0 	
0.365 7.90985e-05 	0 	0 	
0.375 0.00044726 	0 	0 	
0.385 0.00229275 	0 	0 	
0.395 0.0106266 	0 	0 	
0.405 0.0443749 	0 	0 	
0.415 0.16624 	0 	0 	
0.425 0.556169 	0 	0 	
0.435 1.65518 	0 	0 	
0.445 4.37271 	0 	0 	
0.455 10.2632 	0 	0 	
0.465 21.4782 	0 	0 	
0.475 40.2335 	0 	0 	
0.485 67.3087 	0 	0 	
0.495 97.8129 	0 	0 	
0.505 117.317 	0 	0 	
0.515 114.933 	0 	0 	
0.525 95.2772 	0 	0 	
0.535 67.461 	0 	0 	
0.545 39.5232 	0 	0 	
0.555 18.8122 	0 	0 	
0.565 7.33069 	0 	0 	
0.575 2.40927 	0 	0 	
0.585 0.690183 	0 	0 	
0.595 0.17612 	0 	0 	
0.605 0.0404805 	0 	0 	
0.615 0.00842705 	0 	0 	
0.625 0.00159375 	0 	0 	
0.635 0.000274338 	0 	0 	
0.645 4.30276e-05 	0 	0 	
0.655 6.15155e-06 	0 	0 	
0.665 8.01494e-07 	0 	0 	
0.675 9.50835e-08 	0 	0 	
0.685 1.02541e-08 	0 	0 	
0.695 1.00288e-09 	0 	0 	
0.705 8.8695e-11 	0 	0 	
0.715 7.08466e-12 	0 	0 	
0.725 5.18015e-13 	0 	0 	
0.735 3.30648e-14 	0 	0 	
0.745 0 	0 	0 	
0.755 -4.40862e-15 	0 	0 	
0.765 -6.61294e-15 	0 	0 	
0.775 4.99995e-21 	0 	0 	
0.785 -2.20431e-15 	0 	0 	
0.795 -8.81725e-15 	0 	0 	
0.805 2.20432e-15 	0 	0 	
0.815 1.32259e-14 	-1.95783e-30 	0 	
0.825 6.61295e-15 	0 	0 	
0.835 0 	0 	0 	
0.845 0 	0 	0 	
0.855 -6.61295e-15 	0 	0 	
0.865 -2.20431e-14 	0 	0 	
0.875 -1.98388e-14 	0 	0 	
0.885 8.81725e-15 	0 	0 	
0.895 2.42474e-14 	0 	0 	
0.905 4.40863e-15 	0 	0 	
0.915 -2.42474e-14 	0 	0 	
0.925 -2.64518e-14 	0 	0 	
0.935 -2.2043e-15 	0 	0 	
0.945 1.98388e-14 	0 	0 	
0.955 1.54302e-14 	0 	0 	
0.965 2.20433e-15 	0 	0 	
0.975 8.81725e-15 	0 	0 	
0.985 1.32259e-14 	0 	0 	
0.995 4.40863e-15 	0 	0 	
