0.005 273.15 303975
0.015 273.15 303975
0.025 273.15 303975
0.035 273.15 303975
0.045 273.15 303975
0.055 273.15 303975
0.065 273.15 303975
0.075 273.15 303975
0.085 273.15 303975
0.095 273.15 303975
0.105 273.15 303975
0.115 273.15 303975
0.125 273.15 303975
0.135 273.15 303975
0.145 273.15 303975
0.155 273.15 303975
0.165 273.15 303975
0.175 273.15 303975
0.185 273.15 303975
0.195 273.15 303975
0.205 273.15 303975
0.215 273.15 303975
0.225 273.15 303975
0.235 273.15 303975
0.245 273.15 303975
0.255 273.15 303975
0.265 273.15 303975
0.275 273.15 303975
0.285 273.15 303975
0.295 273.15 303975
0.305 273.15 303975
0.315 273.15 303975
0.325 273.15 303975
0.335 273.15 303975
0.345 273.15 303974
0.355 273.149 303970
0.365 273.146 303956
0.375 273.135 303914
0.385 273.103 303791
0.395 273.019 303465
0.405 272.816 302673
0.415 272.37 300932
0.425 271.483 297475
0.435 269.89 291285
0.445 267.297 281292
0.455 263.459 266735
0.465 258.27 247614
0.475 252.023 225172
0.485 244.665 202338
0.495 241.187 183816
0.505 251.16 173452
0.515 272.965 169472
0.525 294.078 166114
0.535 305.342 159702
0.545 305.68 149534
0.555 299.095 136724
0.565 290.327 123913
0.575 282.733 113722
0.585 277.716 107207
0.595 275.052 103780
0.605 273.861 102245
0.615 273.393 101640
0.625 273.227 101424
0.635 273.172 101354
0.645 273.156 101333
0.655 273.151 101327
0.665 273.15 101325
0.675 273.15 101325
0.685 273.15 101325
0.695 273.15 101325
0.705 273.15 101325
0.715 273.15 101325
0.725 273.15 101325
0.735 273.15 101325
0.745 273.15 101325
0.755 273.15 101325
0.765 273.15 101325
0.775 273.15 101325
0.785 273.15 101325
0.795 273.15 101325
0.805 273.15 101325
0.815 273.15 101325
0.825 273.15 101325
0.835 273.15 101325
0.845 273.15 101325
0.855 273.15 101325
0.865 273.15 101325
0.875 273.15 101325
0.885 273.15 101325
0.895 273.15 101325
0.905 273.15 101325
0.915 273.15 101325
0.925 273.15 101325
0.935 273.15 101325
0.945 273.15 101325
0.955 273.15 101325
0.965 273.15 101325
0.975 273.15 101325
0.985 273.15 101325
0.995 273.15 101325
