0.005 2.79433e-14 	0 	0 	
0.015 4.70253e-14 	0 	0 	
0.025 7.93552e-14 	0 	0 	
0.035 9.99287e-14 	0 	0 	
0.045 7.93552e-14 	0 	0 	
0.055 3.82081e-14 	0 	0 	
0.065 -2.9391e-15 	0 	0 	
0.075 -2.93909e-14 	0 	0 	
0.085 -2.05736e-14 	0 	0 	
0.095 1.46954e-14 	0 	0 	
0.105 3.5269e-14 	0 	0 	
0.115 8.22943e-14 	0 	0 	
0.125 5.29036e-13 	0 	0 	
0.135 3.04489e-12 	0 	0 	
0.145 1.5924e-11 	-3.26305e-30 	0 	
0.155 7.89468e-11 	9.78913e-31 	0 	
0.165 3.75431e-10 	0 	0 	
0.175 1.71943e-09 	0 	0 	
0.185 7.58877e-09 	0 	0 	
0.195 3.2267e-08 	0 	0 	
0.205 1.321e-07 	0 	0 	
0.215 5.20361e-07 	0 	0 	
0.225 1.97078e-06 	0 	0 	
0.235 7.17044e-06 	7.1787e-30 	0 	
0.245 2.50398e-05 	3.26303e-31 	0 	
0.255 8.38426e-05 	0 	0 	
0.265 0.000268892 	0 	0 	
0.275 0.000825008 	0 	0 	
0.285 0.00241849 	0 	0 	
0.295 0.00676444 	0 	0 	
0.305 0.0180244 	0 	0 	
0.315 0.0456808 	0 	0 	
0.325 0.109932 	0 	0 	
0.335 0.250791 	0 	0 	
0.345 0.541545 	0 	0 	
0.355 1.10551 	0 	0 	
0.365 2.13204 	0 	0 	
0.375 3.88472 	0 	0 	
0.385 6.69386 	0 	0 	
0.395 10.9295 	0 	0 	
0.405 16.9595 	0 	0 	
0.415 25.1069 	0 	0 	
0.425 35.6104 	0 	0 	
0.435 48.5264 	0 	0 	
0.445 63.5562 	0 	0 	
0.455 79.8306 	0 	0 	
0.465 95.7145 	0 	0 	
0.475 109.117 	0 	0 	
0.485 118.631 	0 	0 	
0.495 124.376 	0 	0 	
0.505 127.452 	0 	0 	
0.515 128.955 	0 	0 	
0.525 129.541 	0 	0 	
0.535 129.416 	0 	0 	
0.545 128.452 	0 	0 	
0.555 126.165 	0 	0 	
0.565 121.681 	0 	0 	
0.575 113.903 	-1.92437e-30 	0 	
0.585 101.902 	-9.11227e-31 	0 	
0.595 85.5401 	0 	0 	
0.605 66.0785 	0 	0 	
0.615 46.1951 	0 	0 	
0.625 28.9525 	0 	0 	
0.635 16.285 	0 	0 	
0.645 8.3096 	0 	0 	
0.655 3.90663 	0 	0 	
0.665 1.71674 	0 	0 	
0.675 0.712436 	0 	0 	
0.685 0.280955 	0 	0 	
0.695 0.105661 	0 	0 	
0.705 0.0379739 	0 	0 	
0.715 0.0130597 	0 	0 	
0.725 0.00430241 	0 	0 	
0.735 0.00135895 	0 	0 	
0.745 0.000411878 	0 	0 	
0.755 0.000119879 	0 	0 	
0.765 3.35308e-05 	0 	0 	
0.775 9.01946e-06 	0 	0 	
0.785 2.33474e-06 	0 	0 	
0.795 5.81952e-07 	0 	0 	
0.805 1.39759e-07 	-1.22364e-31 	0 	
0.815 3.23555e-08 	-6.60765e-30 	0 	
0.825 7.22456e-09 	0 	0 	
0.835 1.55655e-09 	0 	0 	
0.845 3.2371e-10 	0 	0 	
0.855 6.50228e-11 	0 	0 	
0.865 1.26506e-11 	0 	0 	
0.875 2.4005e-12 	0 	0 	
0.885 4.56294e-13 	0 	0 	
0.895 9.03771e-14 	0 	0 	
0.905 8.81728e-15 	0 	0 	
0.915 -1.54302e-14 	0 	0 	
0.925 -1.76345e-14 	0 	0 	
0.935 -1.62845e-25 	0 	0 	
0.945 1.76345e-14 	0 	0 	
0.955 1.54302e-14 	0 	0 	
0.965 4.40863e-15 	0 	0 	
0.975 0 	0 	0 	
0.985 0 	0 	0 	
0.995 0 	0 	0 	
