0.005 2.15679e-14 	0 	0 	
0.015 3.82081e-14 	0 	0 	
0.025 6.75988e-14 	0 	0 	
0.035 8.52333e-14 	0 	0 	
0.045 5.58425e-14 	0 	0 	
0.055 2.05736e-14 	0 	0 	
0.065 2.93905e-15 	0 	0 	
0.075 -1.76345e-14 	0 	0 	
0.085 -2.05736e-14 	0 	0 	
0.095 8.81725e-15 	0 	0 	
0.105 2.93908e-14 	0 	0 	
0.115 1.46954e-14 	0 	0 	
0.125 -1.46954e-14 	0 	0 	
0.135 -7.34773e-14 	0 	0 	
0.145 -1.41076e-13 	-2.28413e-30 	0 	
0.155 -1.52833e-13 	3.26303e-31 	0 	
0.165 -1.2932e-13 	0 	0 	
0.175 -9.11117e-14 	0 	0 	
0.185 -2.64518e-14 	0 	0 	
0.195 1.14624e-13 	0 	0 	
0.205 8.05309e-13 	0 	0 	
0.215 5.54018e-12 	0 	0 	
0.225 3.76702e-11 	0 	0 	
0.235 2.44538e-10 	2.93674e-30 	0 	
0.245 1.50743e-09 	3.26303e-31 	0 	
0.255 8.81354e-09 	0 	0 	
0.265 4.88408e-08 	0 	0 	
0.275 2.56352e-07 	0 	0 	
0.285 1.27338e-06 	0 	0 	
0.295 5.98032e-06 	0 	0 	
0.305 2.65233e-05 	0 	0 	
0.315 0.000110938 	0 	0 	
0.325 0.000436919 	0 	0 	
0.335 0.00161732 	0 	0 	
0.345 0.00561528 	0 	0 	
0.355 0.0182434 	0 	0 	
0.365 0.0553189 	0 	0 	
0.375 0.156122 	0 	0 	
0.385 0.408946 	0 	0 	
0.395 0.991767 	0 	0 	
0.405 2.2231 	0 	0 	
0.415 4.60394 	0 	0 	
0.425 8.81994 	0 	0 	
0.435 15.6773 	0 	0 	
0.445 25.9702 	0 	0 	
0.455 40.3026 	0 	0 	
0.465 58.8842 	0 	0 	
0.475 80.8213 	0 	0 	
0.485 102.333 	0 	0 	
0.495 117.774 	0 	0 	
0.505 125.275 	0 	0 	
0.515 127.414 	0 	0 	
0.525 125.916 	0 	0 	
0.535 120.192 	0 	0 	
0.545 108.946 	0 	0 	
0.555 91.4908 	0 	0 	
0.565 69.234 	0 	0 	
0.575 46.0683 	-8.59985e-31 	0 	
0.585 26.5709 	0 	0 	
0.595 13.2966 	0 	0 	
0.605 5.86257 	0 	0 	
0.615 2.32713 	0 	0 	
0.625 0.847159 	0 	0 	
0.635 0.286211 	0 	0 	
0.645 0.0903405 	0 	0 	
0.655 0.0267414 	0 	0 	
0.665 0.00744095 	0 	0 	
0.675 0.00194978 	0 	0 	
0.685 0.000481828 	0 	0 	
0.695 0.000112436 	0 	0 	
0.705 2.48038e-05 	0 	0 	
0.715 5.17802e-06 	0 	0 	
0.725 1.02381e-06 	0 	0 	
0.735 1.91867e-07 	0 	0 	
0.745 3.41019e-08 	0 	0 	
0.755 5.75129e-09 	0 	0 	
0.765 9.20709e-10 	0 	0 	
0.775 1.39937e-10 	0 	0 	
0.785 2.01761e-11 	0 	0 	
0.795 2.74658e-12 	0 	0 	
0.805 3.70325e-13 	-1.22364e-31 	0 	
0.815 8.15595e-14 	-3.18146e-30 	0 	
0.825 2.86561e-14 	0 	0 	
0.835 4.40863e-15 	0 	0 	
0.845 0 	0 	0 	
0.855 -2.20431e-15 	0 	0 	
0.865 -1.10216e-14 	0 	0 	
0.875 -8.81727e-15 	0 	0 	
0.885 8.81726e-15 	0 	0 	
0.895 1.10216e-14 	0 	0 	
0.905 -2.20431e-15 	0 	0 	
0.915 -1.54302e-14 	0 	0 	
0.925 -1.76345e-14 	0 	0 	
0.935 -1.62845e-25 	0 	0 	
0.945 1.76345e-14 	0 	0 	
0.955 1.54302e-14 	0 	0 	
0.965 4.40863e-15 	0 	0 	
0.975 0 	0 	0 	
0.985 0 	0 	0 	
0.995 0 	0 	0 	
