0.005 273.15 303975
0.015 273.15 303975
0.025 273.15 303975
0.035 273.15 303975
0.045 273.15 303975
0.055 273.15 303975
0.065 273.15 303975
0.075 273.15 303975
0.085 273.15 303975
0.095 273.15 303975
0.105 273.15 303975
0.115 273.15 303975
0.125 273.15 303975
0.135 273.15 303975
0.145 273.15 303975
0.155 273.15 303975
0.165 273.15 303975
0.175 273.15 303975
0.185 273.15 303975
0.195 273.15 303975
0.205 273.15 303975
0.215 273.15 303975
0.225 273.15 303975
0.235 273.15 303975
0.245 273.15 303975
0.255 273.15 303975
0.265 273.15 303975
0.275 273.15 303975
0.285 273.15 303975
0.295 273.15 303975
0.305 273.15 303975
0.315 273.15 303975
0.325 273.15 303975
0.335 273.15 303973
0.345 273.149 303968
0.355 273.144 303952
0.365 273.132 303904
0.375 273.099 303775
0.385 273.016 303451
0.395 272.824 302705
0.405 272.422 301136
0.415 271.648 298122
0.425 270.29 292850
0.435 268.11 284450
0.445 264.895 272232
0.455 260.514 255970
0.465 254.974 236123
0.475 248.793 214350
0.485 244.269 194511
0.495 245.123 181061
0.505 252.942 174482
0.515 266.368 171391
0.525 282.523 168724
0.535 296.677 164575
0.545 304.239 157526
0.555 303.836 147212
0.565 297.623 134837
0.575 289.439 122792
0.585 282.377 113293
0.595 277.676 107168
0.605 275.115 103863
0.615 273.923 102325
0.625 273.43 101688
0.635 273.244 101448
0.645 273.18 101364
0.655 273.159 101337
0.665 273.153 101328
0.675 273.151 101326
0.685 273.15 101325
0.695 273.15 101325
0.705 273.15 101325
0.715 273.15 101325
0.725 273.15 101325
0.735 273.15 101325
0.745 273.15 101325
0.755 273.15 101325
0.765 273.15 101325
0.775 273.15 101325
0.785 273.15 101325
0.795 273.15 101325
0.805 273.15 101325
0.815 273.15 101325
0.825 273.15 101325
0.835 273.15 101325
0.845 273.15 101325
0.855 273.15 101325
0.865 273.15 101325
0.875 273.15 101325
0.885 273.15 101325
0.895 273.15 101325
0.905 273.15 101325
0.915 273.15 101325
0.925 273.15 101325
0.935 273.15 101325
0.945 273.15 101325
0.955 273.15 101325
0.965 273.15 101325
0.975 273.15 101325
0.985 273.15 101325
0.995 273.15 101325
