0.005 3.62634e-14 	0 	0 	
0.015 7.64163e-14 	0 	0 	
0.025 8.52335e-14 	0 	0 	
0.035 7.34772e-14 	0 	0 	
0.045 6.7599e-14 	0 	0 	
0.055 5.58427e-14 	0 	0 	
0.065 3.233e-14 	0 	0 	
0.075 -2.05735e-14 	0 	0 	
0.085 -6.75989e-14 	0 	0 	
0.095 -4.99645e-14 	0 	0 	
0.105 -2.05736e-14 	0 	0 	
0.115 -2.05736e-14 	0 	0 	
0.125 -2.64517e-14 	0 	0 	
0.135 -5.29035e-14 	0 	0 	
0.145 -9.11116e-14 	-5.71032e-30 	0 	
0.155 -1.05807e-13 	0 	0 	
0.165 -1.17563e-13 	0 	0 	
0.175 -1.44015e-13 	0 	0 	
0.185 -1.44015e-13 	0 	0 	
0.195 -1.05807e-13 	0 	0 	
0.205 -7.34772e-14 	0 	0 	
0.215 -4.70254e-14 	0 	0 	
0.225 -8.81725e-15 	0 	0 	
0.235 3.82081e-14 	1.14206e-29 	0 	
0.245 8.22944e-14 	0 	0 	
0.255 1.14624e-13 	0 	0 	
0.265 1.46954e-13 	0 	0 	
0.275 1.44015e-13 	0 	0 	
0.285 9.40508e-14 	0 	0 	
0.295 6.46599e-14 	0 	0 	
0.305 6.7599e-14 	0 	0 	
0.315 6.46599e-14 	0 	0 	
0.325 4.70254e-14 	0 	0 	
0.335 -5.87817e-15 	0 	0 	
0.345 -8.52334e-14 	0 	0 	
0.355 -1.2932e-13 	0 	0 	
0.365 0.81279 	0 	0 	
0.375 5.65253 	0 	0 	
0.385 17.1597 	0 	0 	
0.395 33.5668 	0 	0 	
0.405 51.9484 	0 	0 	
0.415 70.907 	0 	0 	
0.425 89.399 	0 	0 	
0.435 106.007 	0 	0 	
0.445 118.765 	0 	0 	
0.455 126.389 	0 	0 	
0.465 129.731 	0 	0 	
0.475 130.662 	0 	0 	
0.485 130.486 	0 	0 	
0.495 129.998 	0 	0 	
0.505 129.705 	0 	0 	
0.515 129.744 	0 	0 	
0.525 130.04 	0 	0 	
0.535 130.456 	0 	0 	
0.545 130.692 	0 	0 	
0.555 130.673 	0 	0 	
0.565 130.453 	0 	0 	
0.575 129.904 	-3.38554e-30 	0 	
0.585 129.427 	-2.71023e-30 	0 	
0.595 129.556 	0 	0 	
0.605 129.611 	0 	0 	
0.615 129.37 	0 	0 	
0.625 127.372 	0 	0 	
0.635 114.724 	0 	0 	
0.645 80.85 	0 	0 	
0.655 35.9489 	0 	0 	
0.665 7.10433 	0 	0 	
0.675 -6.61293e-15 	0 	0 	
0.685 3.30647e-14 	0 	0 	
0.695 6.61294e-14 	0 	0 	
0.705 8.15596e-14 	0 	0 	
0.715 8.59682e-14 	0 	0 	
0.725 9.03768e-14 	0 	0 	
0.735 8.15596e-14 	0 	0 	
0.745 4.62906e-14 	0 	0 	
0.755 2.20433e-15 	0 	0 	
0.765 -1.10216e-14 	0 	0 	
0.775 4.40863e-15 	0 	0 	
0.785 1.54302e-14 	0 	0 	
0.795 2.42474e-14 	0 	0 	
0.805 4.40863e-14 	0 	0 	
0.815 5.51079e-14 	-8.56548e-30 	0 	
0.825 3.74733e-14 	0 	0 	
0.835 1.54302e-14 	0 	0 	
0.845 2.42475e-14 	0 	0 	
0.855 5.95165e-14 	0 	0 	
0.865 6.39251e-14 	0 	0 	
0.875 4.40863e-15 	0 	0 	
0.885 -5.73122e-14 	0 	0 	
0.895 -6.39251e-14 	0 	0 	
0.905 -5.51079e-14 	0 	0 	
0.915 -6.17208e-14 	0 	0 	
0.925 -4.62906e-14 	0 	0 	
0.935 6.61295e-15 	0 	0 	
0.945 5.73122e-14 	0 	0 	
0.955 6.17208e-14 	0 	0 	
0.965 2.64518e-14 	0 	0 	
0.975 -4.99995e-21 	0 	0 	
0.985 -2.20432e-15 	0 	0 	
0.995 -2.44728e-31 	0 	0 	
