0.005 2.79433e-14 	0 	0 	
0.015 4.70253e-14 	0 	0 	
0.025 7.64162e-14 	0 	0 	
0.035 9.40507e-14 	0 	0 	
0.045 7.64162e-14 	0 	0 	
0.055 3.82081e-14 	0 	0 	
0.065 -2.9391e-15 	0 	0 	
0.075 -3.23299e-14 	0 	0 	
0.085 -2.93909e-14 	0 	0 	
0.095 2.9391e-15 	0 	0 	
0.105 1.76345e-14 	0 	0 	
0.115 -8.81725e-15 	0 	0 	
0.125 -3.82081e-14 	0 	0 	
0.135 -5.87817e-14 	0 	0 	
0.145 9.40509e-14 	-3.26305e-31 	0 	
0.155 1.40488e-12 	0 	0 	
0.165 8.89956e-12 	0 	0 	
0.175 4.91003e-11 	0 	0 	
0.185 2.56664e-10 	0 	0 	
0.195 1.2867e-09 	0 	0 	
0.205 6.19405e-09 	0 	0 	
0.215 2.86229e-08 	0 	0 	
0.225 1.26887e-07 	0 	0 	
0.235 5.39224e-07 	9.78913e-31 	0 	
0.245 2.19492e-06 	0 	0 	
0.255 8.55022e-06 	0 	0 	
0.265 3.18427e-05 	0 	0 	
0.275 0.00011325 	0 	0 	
0.285 0.000384174 	0 	0 	
0.295 0.00124135 	0 	0 	
0.305 0.00381497 	0 	0 	
0.315 0.0111327 	0 	0 	
0.325 0.0307922 	0 	0 	
0.335 0.0805687 	0 	0 	
0.345 0.199013 	0 	0 	
0.355 0.463095 	0 	0 	
0.365 1.01311 	0 	0 	
0.375 2.08011 	0 	0 	
0.385 4.00331 	0 	0 	
0.395 7.21833 	0 	0 	
0.405 12.1988 	0 	0 	
0.415 19.3498 	0 	0 	
0.425 28.8761 	0 	0 	
0.435 40.6689 	0 	0 	
0.445 54.2546 	0 	0 	
0.455 68.8257 	0 	0 	
0.465 83.351 	0 	0 	
0.475 96.7481 	0 	0 	
0.485 108.095 	0 	0 	
0.495 116.831 	0 	0 	
0.505 122.863 	0 	0 	
0.515 126.489 	0 	0 	
0.525 128.135 	0 	0 	
0.535 128.012 	0 	0 	
0.545 125.855 	0 	0 	
0.555 120.869 	0 	0 	
0.565 111.955 	0 	0 	
0.575 98.274 	-7.2635e-31 	0 	
0.585 80.0682 	-3.86335e-31 	0 	
0.595 59.2918 	0 	0 	
0.605 39.2602 	0 	0 	
0.615 23.0915 	0 	0 	
0.625 12.1283 	0 	0 	
0.635 5.77129 	0 	0 	
0.645 2.53069 	0 	0 	
0.655 1.03679 	0 	0 	
0.665 0.400422 	0 	0 	
0.675 0.146545 	0 	0 	
0.685 0.0509711 	0 	0 	
0.695 0.0168803 	0 	0 	
0.705 0.00532974 	0 	0 	
0.715 0.00160612 	0 	0 	
0.725 0.000462409 	0 	0 	
0.735 0.000127305 	0 	0 	
0.745 3.35431e-05 	0 	0 	
0.755 8.46547e-06 	0 	0 	
0.765 2.0479e-06 	0 	0 	
0.775 4.75199e-07 	0 	0 	
0.785 1.05834e-07 	0 	0 	
0.795 2.26363e-08 	0 	0 	
0.805 4.65202e-09 	-1.22364e-31 	0 	
0.815 9.19035e-10 	-9.78913e-31 	0 	
0.825 1.74608e-10 	0 	0 	
0.835 3.19118e-11 	0 	0 	
0.845 5.60777e-12 	0 	0 	
0.855 9.54469e-13 	0 	0 	
0.865 1.78549e-13 	0 	0 	
0.875 5.95164e-14 	0 	0 	
0.885 4.40863e-14 	0 	0 	
0.895 3.08604e-14 	0 	0 	
0.905 4.40863e-15 	0 	0 	
0.915 -1.54302e-14 	0 	0 	
0.925 -1.98388e-14 	0 	0 	
0.935 -1.32259e-14 	0 	0 	
0.945 6.61295e-15 	0 	0 	
0.955 2.64518e-14 	0 	0 	
0.965 1.76345e-14 	0 	0 	
0.975 2.20432e-15 	0 	0 	
0.985 0 	0 	0 	
0.995 0 	0 	0 	
