0.005 273.15 303975
0.015 273.15 303975
0.025 273.15 303975
0.035 273.15 303975
0.045 273.15 303975
0.055 273.15 303975
0.065 273.15 303975
0.075 273.15 303975
0.085 273.15 303975
0.095 273.15 303975
0.105 273.15 303975
0.115 273.15 303975
0.125 273.15 303975
0.135 273.15 303975
0.145 273.15 303975
0.155 273.15 303975
0.165 273.15 303975
0.175 273.15 303975
0.185 273.15 303975
0.195 273.15 303975
0.205 273.15 303975
0.215 273.15 303975
0.225 273.15 303975
0.235 273.15 303975
0.245 273.15 303975
0.255 273.15 303975
0.265 273.15 303975
0.275 273.15 303975
0.285 273.15 303975
0.295 273.15 303975
0.305 273.15 303975
0.315 273.15 303973
0.325 273.149 303968
0.335 273.145 303955
0.345 273.136 303918
0.355 273.11 303820
0.365 273.049 303581
0.375 272.911 303039
0.385 272.622 301907
0.395 272.069 299727
0.405 271.094 295881
0.415 269.526 289686
0.425 267.225 280597
0.435 264.147 268472
0.445 260.417 253761
0.455 256.365 237517
0.465 252.547 221175
0.475 249.722 206203
0.485 248.775 193752
0.495 250.55 184414
0.505 255.561 178130
0.515 263.676 174236
0.525 273.938 171630
0.535 284.644 168979
0.545 293.718 164938
0.555 299.28 158438
0.565 300.267 149118
0.575 296.927 137734
0.585 290.882 126097
0.595 284.421 116224
0.605 279.315 109257
0.615 276.113 105109
0.625 274.434 102969
0.635 273.664 101986
0.645 273.342 101573
0.655 273.218 101413
0.665 273.173 101355
0.675 273.157 101335
0.685 273.152 101328
0.695 273.15 101326
0.705 273.15 101325
0.715 273.15 101325
0.725 273.15 101325
0.735 273.15 101325
0.745 273.15 101325
0.755 273.15 101325
0.765 273.15 101325
0.775 273.15 101325
0.785 273.15 101325
0.795 273.15 101325
0.805 273.15 101325
0.815 273.15 101325
0.825 273.15 101325
0.835 273.15 101325
0.845 273.15 101325
0.855 273.15 101325
0.865 273.15 101325
0.875 273.15 101325
0.885 273.15 101325
0.895 273.15 101325
0.905 273.15 101325
0.915 273.15 101325
0.925 273.15 101325
0.935 273.15 101325
0.945 273.15 101325
0.955 273.15 101325
0.965 273.15 101325
0.975 273.15 101325
0.985 273.15 101325
0.995 273.15 101325
