0.005 273.15 303975
0.015 273.15 303975
0.025 273.15 303975
0.035 273.15 303975
0.045 273.15 303975
0.055 273.15 303975
0.065 273.15 303975
0.075 273.15 303975
0.085 273.15 303975
0.095 273.15 303975
0.105 273.15 303975
0.115 273.15 303975
0.125 273.15 303975
0.135 273.15 303975
0.145 273.15 303975
0.155 273.15 303975
0.165 273.15 303975
0.175 273.15 303975
0.185 273.15 303975
0.195 273.15 303975
0.205 273.15 303975
0.215 273.15 303975
0.225 273.15 303975
0.235 273.15 303975
0.245 273.15 303975
0.255 273.15 303974
0.265 273.15 303972
0.275 273.149 303969
0.285 273.146 303959
0.295 273.14 303936
0.305 273.127 303883
0.315 273.097 303769
0.325 273.037 303533
0.335 272.919 303075
0.345 272.703 302236
0.355 272.332 300789
0.365 271.727 298442
0.375 270.801 294860
0.385 269.461 289712
0.395 267.626 282729
0.405 265.237 273772
0.415 262.273 262871
0.425 258.753 250258
0.435 254.749 236369
0.445 250.397 221841
0.455 245.922 207523
0.465 241.661 194473
0.475 238.106 183860
0.485 235.613 176613
0.495 234.679 172816
0.505 237.025 171481
0.515 244.881 171228
0.525 258.71 171187
0.535 276.117 171083
0.545 292.93 170800
0.555 305.585 170134
0.565 312.785 168738
0.575 315.214 166110
0.585 314.18 161689
0.595 310.665 155065
0.605 305.262 146286
0.615 298.562 136101
0.625 291.467 125865
0.635 285.057 117017
0.645 280.131 110433
0.655 276.878 106167
0.665 274.992 103714
0.675 274.004 102432
0.685 273.525 101812
0.695 273.307 101529
0.705 273.213 101407
0.715 273.174 101356
0.725 273.159 101337
0.735 273.153 101329
0.745 273.151 101326
0.755 273.15 101325
0.765 273.15 101325
0.775 273.15 101325
0.785 273.15 101325
0.795 273.15 101325
0.805 273.15 101325
0.815 273.15 101325
0.825 273.15 101325
0.835 273.15 101325
0.845 273.15 101325
0.855 273.15 101325
0.865 273.15 101325
0.875 273.15 101325
0.885 273.15 101325
0.895 273.15 101325
0.905 273.15 101325
0.915 273.15 101325
0.925 273.15 101325
0.935 273.15 101325
0.945 273.15 101325
0.955 273.15 101325
0.965 273.15 101325
0.975 273.15 101325
0.985 273.15 101325
0.995 273.15 101325
